-0.0252918	0.667665	
-0.0252912	0.667644	
-0.0252905	0.667623	
-0.0252898	0.667602	
-0.0252891	0.667581	
-0.0252885	0.66756	
-0.0252878	0.667539	
-0.0252872	0.667519	
-0.0252865	0.667498	
-0.0252859	0.667477	
-0.0252853	0.667457	
-0.0252846	0.667436	
-0.025284	0.667416	
-0.0252834	0.667395	
-0.0252828	0.667375	
-0.0252822	0.667355	
-0.0252816	0.667335	
-0.025281	0.667315	
-0.0252804	0.667295	
-0.0252798	0.667275	
-0.0252792	0.667255	
-0.0252787	0.667235	
-0.0252781	0.667215	
-0.0252775	0.667196	
-0.025277	0.667176	
-0.0252764	0.667157	
-0.0252759	0.667138	
-0.0252753	0.667118	
-0.0252748	0.667099	
-0.0252743	0.66708	
-0.0252738	0.667061	
-0.0252733	0.667042	
-0.0252728	0.667024	
-0.0252723	0.667005	
-0.0252718	0.666987	
-0.0252713	0.666968	
-0.0252708	0.66695	
-0.0252703	0.666932	
-0.0252698	0.666913	
-0.0252694	0.666895	
-0.0252689	0.666878	
-0.0252685	0.66686	
-0.025268	0.666842	
-0.0252676	0.666824	
-0.0252671	0.666807	
-0.0252667	0.66679	
-0.0252663	0.666772	
-0.0252659	0.666755	
-0.0252655	0.666738	
-0.0252651	0.666722	
-0.0252647	0.666705	
-0.0252643	0.666688	
-0.0252639	0.666672	
-0.0252635	0.666655	
-0.0252631	0.666639	
-0.0252628	0.666623	
-0.0252624	0.666607	
-0.0252621	0.666591	
-0.0252617	0.666575	
-0.0252614	0.66656	
-0.025261	0.666544	
-0.0252607	0.666529	
-0.0252604	0.666514	
-0.0252601	0.666499	
-0.0252598	0.666484	
-0.0252595	0.666469	
-0.0252592	0.666454	
-0.0252589	0.66644	
-0.0252586	0.666425	
-0.0252583	0.666411	
-0.025258	0.666397	
-0.0252578	0.666383	
-0.0252575	0.666369	
-0.0252572	0.666356	
-0.025257	0.666342	
-0.0252568	0.666329	
-0.0252565	0.666315	
-0.0252563	0.666302	
-0.0252561	0.666289	
-0.0252558	0.666276	
-0.0252556	0.666264	
-0.0252554	0.666251	
-0.0252552	0.666239	
-0.025255	0.666227	
-0.0252548	0.666214	
-0.0252547	0.666202	
-0.0252545	0.666191	
-0.0252543	0.666179	
-0.0252541	0.666167	
-0.025254	0.666156	
-0.0252538	0.666145	
-0.0252537	0.666134	
-0.0252535	0.666123	
-0.0252534	0.666112	
-0.0252533	0.666102	
-0.0252532	0.666091	
-0.025253	0.666081	
-0.0252529	0.666071	
-0.0252528	0.666061	
-0.0252527	0.666051	
-0.0252526	0.666041	
-0.0252525	0.666032	
-0.0252525	0.666022	
-0.0252524	0.666013	
-0.0252523	0.666004	
-0.0252522	0.665995	
-0.0252522	0.665986	
-0.0252521	0.665978	
-0.0252521	0.665969	
-0.025252	0.665961	
-0.025252	0.665953	
-0.025252	0.665945	
-0.0252519	0.665937	
-0.0252519	0.665929	
-0.0252519	0.665922	
-0.0252519	0.665914	
-0.0252519	0.665907	
-0.0252519	0.6659	
-0.0252519	0.665893	
-0.0252519	0.665886	
-0.0252519	0.66588	
-0.0252519	0.665873	
-0.0252519	0.665867	
-0.025252	0.665861	
-0.025252	0.665855	
-0.025252	0.665849	
-0.0252521	0.665843	
-0.0252521	0.665838	
-0.0252522	0.665832	
-0.0252522	0.665827	
-0.0252523	0.665822	
-0.0252524	0.665817	
-0.0252525	0.665812	
-0.0252525	0.665808	
-0.0252526	0.665803	
-0.0252527	0.665799	
-0.0252528	0.665795	
-0.0252529	0.665791	
-0.025253	0.665787	
-0.0252531	0.665783	
-0.0252532	0.665779	
-0.0252533	0.665776	
-0.0252535	0.665773	
-0.0252536	0.66577	
-0.0252537	0.665767	
-0.0252538	0.665764	
-0.025254	0.665761	
-0.0252541	0.665759	
-0.0252543	0.665756	
-0.0252544	0.665754	
-0.0252546	0.665752	
-0.0252547	0.66575	
-0.0252549	0.665748	
-0.0252551	0.665746	
-0.0252552	0.665745	
-0.0252554	0.665743	
-0.0252556	0.665742	
-0.0252558	0.665741	
-0.025256	0.66574	
-0.0252562	0.665739	
-0.0252563	0.665738	
-0.0252565	0.665738	
-0.0252567	0.665738	
-0.025257	0.665737	
-0.0252572	0.665737	
-0.0252574	0.665737	
-0.0252576	0.665737	
-0.0252578	0.665737	
-0.025258	0.665738	
-0.0252583	0.665738	
-0.0252585	0.665739	
-0.0252587	0.66574	
-0.025259	0.665741	
-0.0252592	0.665742	
-0.0252595	0.665743	
-0.0252597	0.665744	
-0.02526	0.665746	
-0.0252602	0.665747	
-0.0252605	0.665749	
-0.0252607	0.665751	
-0.025261	0.665753	
-0.0252613	0.665755	
-0.0252615	0.665757	
-0.0252618	0.665759	
-0.0252621	0.665762	
-0.0252624	0.665764	
-0.0252626	0.665767	
-0.0252629	0.66577	
-0.0252632	0.665773	
-0.0252635	0.665776	
-0.0252638	0.665779	
-0.0252641	0.665782	
-0.0252644	0.665785	
-0.0252647	0.665789	
-0.025265	0.665792	
-0.0252653	0.665796	
-0.0252656	0.6658	
-0.0252659	0.665804	
-0.0252662	0.665808	
-0.0252665	0.665812	
-0.0252668	0.665816	
-0.0252671	0.665821	
-0.0252675	0.665825	
-0.0252678	0.66583	
-0.0252681	0.665834	
-0.0252684	0.665839	
-0.0252688	0.665844	
-0.0252691	0.665849	
-0.0252694	0.665854	
-0.0252698	0.665859	
-0.0252701	0.665864	
-0.0252704	0.66587	
-0.0252708	0.665875	
-0.0252711	0.665881	
-0.0252714	0.665886	
-0.0252718	0.665892	
-0.0252721	0.665898	
-0.0252725	0.665904	
-0.0252728	0.66591	
-0.0252732	0.665916	
-0.0252735	0.665922	
-0.0252739	0.665928	
-0.0252742	0.665935	
-0.0252746	0.665941	
-0.0252749	0.665948	
-0.0252753	0.665954	
-0.0252757	0.665961	
-0.025276	0.665968	
-0.0252764	0.665975	
-0.0252767	0.665981	
-0.0252771	0.665988	
-0.0252775	0.665996	
-0.0252778	0.666003	
-0.0252782	0.66601	
-0.0252786	0.666017	
-0.0252789	0.666025	
-0.0252793	0.666032	
-0.0252797	0.666039	
-0.02528	0.666047	
-0.0252804	0.666055	
-0.0252808	0.666062	
-0.0252811	0.66607	
-0.0252815	0.666078	
-0.0252819	0.666086	
-0.0252822	0.666094	
-0.0252826	0.666102	
-0.025283	0.66611	
-0.0252834	0.666118	
-0.0252837	0.666126	
-0.0252841	0.666134	
-0.0252845	0.666143	
-0.0252849	0.666151	
-0.0252852	0.666159	
-0.0252856	0.666168	
-0.025286	0.666176	
-0.0252864	0.666185	
-0.0252867	0.666193	
-0.0252871	0.666202	
-0.0252875	0.666211	
-0.0252879	0.666219	
-0.0252882	0.666228	
-0.0252886	0.666237	
-0.025289	0.666246	
-0.0252893	0.666255	
-0.0252897	0.666264	
-0.0252901	0.666273	
-0.0252905	0.666282	
-0.0252908	0.666291	
-0.0252912	0.6663	
-0.0252916	0.666309	
-0.025292	0.666318	
-0.0252923	0.666327	
-0.0252927	0.666336	
-0.0252931	0.666346	
-0.0252934	0.666355	
-0.0252938	0.666364	
-0.0252942	0.666373	
-0.0252945	0.666383	
-0.0252949	0.666392	
-0.0252953	0.666402	
-0.0252956	0.666411	
-0.025296	0.66642	
-0.0252964	0.66643	
-0.0252967	0.666439	
-0.0252971	0.666449	
-0.0252974	0.666458	
-0.0252978	0.666468	
-0.0252982	0.666477	
-0.0252985	0.666487	
-0.0252989	0.666497	
-0.0252992	0.666506	
-0.0252996	0.666516	
-0.0252999	0.666525	
-0.0253003	0.666535	
-0.0253006	0.666544	
-0.025301	0.666554	
-0.0253013	0.666564	
-0.0253017	0.666573	
-0.025302	0.666583	
-0.0253024	0.666593	
-0.0253027	0.666602	
-0.0253031	0.666612	
-0.0253034	0.666622	
-0.0253037	0.666631	
-0.0253041	0.666641	
-0.0253044	0.66665	
-0.0253048	0.66666	
-0.0253051	0.66667	
-0.0253054	0.666679	
-0.0253058	0.666689	
-0.0253061	0.666699	
-0.0253064	0.666708	
-0.0253067	0.666718	
-0.0253071	0.666727	
-0.0253074	0.666737	
-0.0253077	0.666746	
-0.025308	0.666756	
-0.0253083	0.666766	
-0.0253087	0.666775	
-0.025309	0.666785	
-0.0253093	0.666794	
-0.0253096	0.666804	
-0.0253099	0.666813	
-0.0253102	0.666822	
-0.0253105	0.666832	
-0.0253108	0.666841	
-0.0253111	0.666851	
-0.0253114	0.66686	
-0.0253117	0.666869	
-0.025312	0.666879	
-0.0253123	0.666888	
-0.0253126	0.666897	
-0.0253129	0.666906	
-0.0253132	0.666915	
-0.0253135	0.666925	
-0.0253137	0.666934	
-0.025314	0.666943	
-0.0253143	0.666952	
-0.0253146	0.666961	
-0.0253149	0.66697	
-0.0253151	0.666979	
-0.0253154	0.666988	
-0.0253157	0.666997	
-0.0253159	0.667006	
-0.0253162	0.667015	
-0.0253165	0.667023	
-0.0253167	0.667032	
-0.025317	0.667041	
-0.0253172	0.66705	
-0.0253175	0.667058	
-0.0253178	0.667067	
-0.025318	0.667076	
-0.0253183	0.667084	
-0.0253185	0.667093	
-0.0253187	0.667101	
-0.025319	0.667109	
-0.0253192	0.667118	
-0.0253195	0.667126	
-0.0253197	0.667134	
-0.0253199	0.667143	
-0.0253202	0.667151	
-0.0253204	0.667159	
-0.0253206	0.667167	
-0.0253208	0.667175	
-0.025321	0.667183	
-0.0253213	0.667191	
-0.0253215	0.667199	
-0.0253217	0.667207	
-0.0253219	0.667215	
-0.0253221	0.667222	
-0.0253223	0.66723	
-0.0253225	0.667238	
-0.0253227	0.667245	
-0.0253229	0.667253	
-0.0253231	0.66726	
-0.0253233	0.667268	
-0.0253235	0.667275	
-0.0253237	0.667283	
-0.0253239	0.66729	
-0.0253241	0.667297	
-0.0253242	0.667304	
-0.0253244	0.667311	
-0.0253246	0.667318	
-0.0253248	0.667325	
-0.0253249	0.667332	
-0.0253251	0.667339	
-0.0253253	0.667346	
-0.0253254	0.667353	
-0.0253256	0.66736	
-0.0253258	0.667366	
-0.0253259	0.667373	
-0.0253261	0.667379	
-0.0253262	0.667386	
-0.0253264	0.667392	
-0.0253265	0.667398	
-0.0253267	0.667405	
-0.0253268	0.667411	
-0.0253269	0.667417	
-0.0253271	0.667423	
-0.0253272	0.667429	
-0.0253273	0.667435	
-0.0253275	0.667441	
-0.0253276	0.667447	
-0.0253277	0.667453	
-0.0253279	0.667458	
-0.025328	0.667464	
-0.0253281	0.66747	
-0.0253282	0.667475	
-0.0253283	0.667481	
-0.0253284	0.667486	
-0.0253285	0.667491	
-0.0253286	0.667497	
-0.0253287	0.667502	
-0.0253288	0.667507	
-0.0253289	0.667512	
-0.025329	0.667517	
-0.0253291	0.667522	
-0.0253292	0.667527	
-0.0253293	0.667532	
-0.0253294	0.667536	
-0.0253295	0.667541	
-0.0253296	0.667546	
-0.0253296	0.66755	
-0.0253297	0.667555	
-0.0253298	0.667559	
-0.0253299	0.667563	
-0.0253299	0.667568	
-0.02533	0.667572	
-0.0253301	0.667576	
-0.0253301	0.66758	
-0.0253302	0.667584	
-0.0253302	0.667588	
-0.0253303	0.667592	
-0.0253303	0.667595	
-0.0253304	0.667599	
-0.0253304	0.667603	
-0.0253305	0.667606	
-0.0253305	0.66761	
-0.0253306	0.667613	
-0.0253306	0.667617	
-0.0253306	0.66762	
-0.0253307	0.667623	
-0.0253307	0.667626	
-0.0253307	0.667629	
-0.0253308	0.667633	
-0.0253308	0.667635	
-0.0253308	0.667638	
-0.0253308	0.667641	
-0.0253309	0.667644	
-0.0253309	0.667647	
-0.0253309	0.667649	
-0.0253309	0.667652	
-0.0253309	0.667654	
-0.0253309	0.667657	
-0.0253309	0.667659	
-0.0253309	0.667661	
-0.0253309	0.667664	
-0.0253309	0.667666	
-0.0253309	0.667668	
-0.0253309	0.66767	
-0.0253309	0.667672	
-0.0253309	0.667674	
-0.0253309	0.667675	
-0.0253309	0.667677	
-0.0253309	0.667679	
-0.0253308	0.66768	
-0.0253308	0.667682	
-0.0253308	0.667683	
-0.0253308	0.667685	
-0.0253308	0.667686	
-0.0253307	0.667688	
-0.0253307	0.667689	
-0.0253307	0.66769	
-0.0253306	0.667691	
-0.0253306	0.667692	
-0.0253306	0.667693	
-0.0253305	0.667694	
-0.0253305	0.667695	
-0.0253305	0.667695	
-0.0253304	0.667696	
-0.0253304	0.667697	
-0.0253303	0.667697	
-0.0253303	0.667698	
-0.0253302	0.667698	
-0.0253302	0.667699	
-0.0253301	0.667699	
-0.0253301	0.667699	
-0.02533	0.6677	
-0.0253299	0.6677	
-0.0253299	0.6677	
-0.0253298	0.6677	
-0.0253297	0.6677	
-0.0253297	0.6677	
-0.0253296	0.6677	
-0.0253295	0.667699	
-0.0253295	0.667699	
-0.0253294	0.667699	
-0.0253293	0.667698	
-0.0253293	0.667698	
-0.0253292	0.667697	
-0.0253291	0.667697	
-0.025329	0.667696	
-0.0253289	0.667696	
-0.0253289	0.667695	
-0.0253288	0.667694	
-0.0253287	0.667693	
-0.0253286	0.667692	
-0.0253285	0.667691	
-0.0253284	0.66769	
-0.0253283	0.667689	
-0.0253282	0.667688	
-0.0253281	0.667687	
-0.025328	0.667686	
-0.0253279	0.667685	
-0.0253279	0.667683	
-0.0253278	0.667682	
-0.0253277	0.667681	
-0.0253275	0.667679	
-0.0253274	0.667678	
-0.0253273	0.667676	
-0.0253272	0.667674	
-0.0253271	0.667673	
-0.025327	0.667671	
-0.0253269	0.667669	
-0.0253268	0.667667	
-0.0253267	0.667666	
-0.0253266	0.667664	
-0.0253265	0.667662	
-0.0253264	0.66766	
-0.0253262	0.667658	
-0.0253261	0.667656	
-0.025326	0.667653	
-0.0253259	0.667651	
-0.0253258	0.667649	
-0.0253256	0.667647	
-0.0253255	0.667644	
-0.0253254	0.667642	
-0.0253253	0.66764	
-0.0253252	0.667637	
-0.025325	0.667635	
-0.0253249	0.667632	
-0.0253248	0.66763	
-0.0253246	0.667627	
-0.0253245	0.667624	
-0.0253244	0.667622	
-0.0253243	0.667619	
-0.0253241	0.667616	
-0.025324	0.667613	
-0.0253239	0.667611	
-0.0253237	0.667608	
-0.0253236	0.667605	
-0.0253235	0.667602	
-0.0253233	0.667599	
-0.0253232	0.667596	
-0.0253231	0.667593	
-0.0253229	0.66759	
-0.0253228	0.667587	
-0.0253226	0.667583	
-0.0253225	0.66758	
-0.0253224	0.667577	
-0.0253222	0.667574	
-0.0253221	0.667571	
-0.0253219	0.667567	
-0.0253218	0.667564	
-0.0253217	0.667561	
-0.0253215	0.667557	
-0.0253214	0.667554	
-0.0253212	0.66755	
-0.0253211	0.667547	
-0.0253209	0.667543	
-0.0253208	0.66754	
-0.0253206	0.667536	
-0.0253205	0.667533	
-0.0253204	0.667529	
-0.0253202	0.667525	
-0.0253201	0.667522	
-0.0253199	0.667518	
-0.0253198	0.667514	
-0.0253196	0.667511	
-0.0253195	0.667507	
-0.0253193	0.667503	
-0.0253192	0.667499	
-0.025319	0.667495	
-0.0253189	0.667492	
-0.0253187	0.667488	
-0.0253186	0.667484	
-0.0253184	0.66748	
-0.0253183	0.667476	
-0.0253181	0.667472	
-0.025318	0.667468	
-0.0253178	0.667464	
-0.0253177	0.66746	
-0.0253175	0.667456	
-0.0253174	0.667452	
-0.0253172	0.667448	
-0.0253171	0.667444	
-0.0253169	0.66744	
-0.0253168	0.667436	
-0.0253166	0.667432	
-0.0253165	0.667428	
-0.0253163	0.667424	
-0.0253162	0.66742	
-0.025316	0.667415	
-0.0253159	0.667411	
-0.0253157	0.667407	
-0.0253156	0.667403	
-0.0253154	0.667399	
-0.0253153	0.667395	
-0.0253151	0.66739	
-0.025315	0.667386	
-0.0253148	0.667382	
-0.0253147	0.667378	
-0.0253145	0.667374	
-0.0253144	0.667369	
-0.0253142	0.667365	
-0.0253141	0.667361	
-0.0253139	0.667357	
-0.0253138	0.667352	
-0.0253136	0.667348	
-0.0253135	0.667344	
-0.0253134	0.66734	
-0.0253132	0.667335	
-0.0253131	0.667331	
-0.0253129	0.667327	
-0.0253128	0.667322	
-0.0253126	0.667318	
-0.0253125	0.667314	
-0.0253123	0.66731	
-0.0253122	0.667305	
-0.025312	0.667301	
-0.0253119	0.667297	
-0.0253118	0.667293	
-0.0253116	0.667288	
-0.0253115	0.667284	
-0.0253113	0.66728	
-0.0253112	0.667275	
-0.0253111	0.667271	
-0.0253109	0.667267	
-0.0253108	0.667263	
-0.0253106	0.667258	
-0.0253105	0.667254	
-0.0253104	0.66725	
-0.0253102	0.667246	
-0.0253101	0.667242	
-0.02531	0.667237	
-0.0253098	0.667233	
-0.0253097	0.667229	
-0.0253095	0.667225	
-0.0253094	0.667221	
-0.0253093	0.667216	
-0.0253091	0.667212	
-0.025309	0.667208	
-0.0253089	0.667204	
-0.0253087	0.6672	
-0.0253086	0.667196	
-0.0253085	0.667192	
-0.0253084	0.667187	
-0.0253082	0.667183	
-0.0253081	0.667179	
-0.025308	0.667175	
-0.0253079	0.667171	
-0.0253077	0.667167	
-0.0253076	0.667163	
-0.0253075	0.667159	
-0.0253074	0.667155	
-0.0253072	0.667151	
-0.0253071	0.667147	
-0.025307	0.667143	
-0.0253069	0.667139	
-0.0253067	0.667135	
-0.0253066	0.667131	
-0.0253065	0.667127	
-0.0253064	0.667124	
-0.0253063	0.66712	
-0.0253062	0.667116	
-0.025306	0.667112	
-0.0253059	0.667108	
-0.0253058	0.667104	
-0.0253057	0.667101	
-0.0253056	0.667097	
-0.0253055	0.667093	
-0.0253054	0.667089	
-0.0253053	0.667086	
-0.0253052	0.667082	
-0.025305	0.667078	
-0.0253049	0.667075	
-0.0253048	0.667071	
-0.0253047	0.667068	
-0.0253046	0.667064	
-0.0253045	0.66706	
-0.0253044	0.667057	
-0.0253043	0.667053	
-0.0253042	0.66705	
-0.0253041	0.667046	
-0.025304	0.667043	
-0.0253039	0.66704	
-0.0253038	0.667036	
-0.0253037	0.667033	
-0.0253036	0.667029	
-0.0253035	0.667026	
-0.0253034	0.667023	
-0.0253034	0.667019	
-0.0253033	0.667016	
-0.0253032	0.667013	
-0.0253031	0.66701	
-0.025303	0.667007	
-0.0253029	0.667003	
-0.0253028	0.667	
-0.0253027	0.666997	
-0.0253026	0.666994	
-0.0253026	0.666991	
-0.0253025	0.666988	
-0.0253024	0.666985	
-0.0253023	0.666982	
-0.0253022	0.666979	
-0.0253022	0.666976	
-0.0253021	0.666973	
-0.025302	0.66697	
-0.0253019	0.666967	
-0.0253018	0.666965	
-0.0253018	0.666962	
-0.0253017	0.666959	
-0.0253016	0.666956	
-0.0253016	0.666954	
-0.0253015	0.666951	
-0.0253014	0.666948	
-0.0253013	0.666946	
-0.0253013	0.666943	
-0.0253012	0.66694	
-0.0253012	0.666938	
-0.0253011	0.666935	
-0.025301	0.666933	
-0.025301	0.66693	
-0.0253009	0.666928	
-0.0253008	0.666926	
-0.0253008	0.666923	
-0.0253007	0.666921	
-0.0253007	0.666919	
-0.0253006	0.666916	
-0.0253006	0.666914	
-0.0253005	0.666912	
-0.0253004	0.66691	
-0.0253004	0.666907	
-0.0253003	0.666905	
-0.0253003	0.666903	
-0.0253002	0.666901	
-0.0253002	0.666899	
-0.0253001	0.666897	
-0.0253001	0.666895	
-0.0253001	0.666893	
-0.0253	0.666891	
-0.0253	0.666889	
-0.0252999	0.666887	
-0.0252999	0.666886	
-0.0252998	0.666884	
-0.0252998	0.666882	
-0.0252998	0.66688	
-0.0252997	0.666879	
-0.0252997	0.666877	
-0.0252997	0.666875	
-0.0252996	0.666874	
-0.0252996	0.666872	
-0.0252995	0.66687	
-0.0252995	0.666869	
-0.0252995	0.666867	
-0.0252995	0.666866	
-0.0252994	0.666864	
-0.0252994	0.666863	
-0.0252994	0.666862	
-0.0252993	0.66686	
-0.0252993	0.666859	
-0.0252993	0.666858	
-0.0252993	0.666856	
-0.0252993	0.666855	
-0.0252992	0.666854	
-0.0252992	0.666853	
-0.0252992	0.666852	
-0.0252992	0.666851	
-0.0252992	0.666849	
-0.0252991	0.666848	
-0.0252991	0.666847	
-0.0252991	0.666846	
-0.0252991	0.666845	
-0.0252991	0.666845	
-0.0252991	0.666844	
-0.0252991	0.666843	
-0.025299	0.666842	
-0.025299	0.666841	
-0.025299	0.66684	
-0.025299	0.66684	
-0.025299	0.666839	
-0.025299	0.666838	
-0.025299	0.666837	
-0.025299	0.666837	
-0.025299	0.666836	
-0.025299	0.666836	
-0.025299	0.666835	
-0.025299	0.666835	
-0.025299	0.666834	
-0.025299	0.666834	
-0.025299	0.666833	
-0.025299	0.666833	
-0.025299	0.666832	
-0.025299	0.666832	
-0.025299	0.666832	
-0.025299	0.666831	
-0.025299	0.666831	
-0.025299	0.666831	
-0.025299	0.666831	
-0.025299	0.66683	
-0.0252991	0.66683	
-0.0252991	0.66683	
-0.0252991	0.66683	
-0.0252991	0.66683	
-0.0252991	0.66683	
-0.0252991	0.66683	
-0.0252991	0.66683	
-0.0252991	0.66683	
-0.0252992	0.66683	
-0.0252992	0.66683	
-0.0252992	0.66683	
-0.0252992	0.66683	
-0.0252992	0.66683	
-0.0252993	0.666831	
-0.0252993	0.666831	
-0.0252993	0.666831	
-0.0252993	0.666831	
-0.0252993	0.666832	
-0.0252994	0.666832	
-0.0252994	0.666832	
-0.0252994	0.666833	
-0.0252994	0.666833	
-0.0252995	0.666833	
-0.0252995	0.666834	
-0.0252995	0.666834	
-0.0252996	0.666835	
-0.0252996	0.666835	
-0.0252996	0.666836	
-0.0252996	0.666836	
-0.0252997	0.666837	
-0.0252997	0.666838	
-0.0252997	0.666838	
-0.0252998	0.666839	
-0.0252998	0.66684	
-0.0252998	0.66684	
-0.0252999	0.666841	
-0.0252999	0.666842	
-0.0252999	0.666842	
-0.0253	0.666843	
-0.0253	0.666844	
-0.0253	0.666845	
-0.0253001	0.666846	
-0.0253001	0.666847	
-0.0253002	0.666847	
-0.0253002	0.666848	
-0.0253002	0.666849	
-0.0253003	0.66685	
-0.0253003	0.666851	
-0.0253004	0.666852	
-0.0253004	0.666853	
-0.0253004	0.666854	
-0.0253005	0.666855	
-0.0253005	0.666856	
-0.0253006	0.666857	
-0.0253006	0.666858	
-0.0253007	0.66686	
-0.0253007	0.666861	
-0.0253008	0.666862	
-0.0253008	0.666863	
-0.0253009	0.666864	
-0.0253009	0.666865	
-0.0253009	0.666867	
-0.025301	0.666868	
-0.025301	0.666869	
-0.0253011	0.66687	
-0.0253011	0.666872	
-0.0253012	0.666873	
-0.0253012	0.666874	
-0.0253013	0.666876	
-0.0253013	0.666877	
-0.0253014	0.666878	
-0.0253014	0.66688	
-0.0253015	0.666881	
-0.0253016	0.666882	
-0.0253016	0.666884	
-0.0253017	0.666885	
-0.0253017	0.666887	
-0.0253018	0.666888	
-0.0253018	0.66689	
-0.0253019	0.666891	
-0.0253019	0.666893	
-0.025302	0.666894	
-0.025302	0.666896	
-0.0253021	0.666897	
-0.0253021	0.666899	
-0.0253022	0.6669	
-0.0253023	0.666902	
-0.0253023	0.666903	
-0.0253024	0.666905	
-0.0253024	0.666907	
-0.0253025	0.666908	
-0.0253025	0.66691	
-0.0253026	0.666912	
-0.0253027	0.666913	
-0.0253027	0.666915	
-0.0253028	0.666917	
-0.0253028	0.666918	
-0.0253029	0.66692	
-0.025303	0.666922	
-0.025303	0.666923	
-0.0253031	0.666925	
-0.0253031	0.666927	
-0.0253032	0.666929	
-0.0253033	0.66693	
-0.0253033	0.666932	
-0.0253034	0.666934	
-0.0253034	0.666936	
-0.0253035	0.666937	
-0.0253036	0.666939	
-0.0253036	0.666941	
-0.0253037	0.666943	
-0.0253037	0.666944	
-0.0253038	0.666946	
-0.0253039	0.666948	
-0.0253039	0.66695	
-0.025304	0.666952	
-0.025304	0.666954	
-0.0253041	0.666955	
-0.0253042	0.666957	
-0.0253042	0.666959	
-0.0253043	0.666961	
-0.0253043	0.666963	
-0.0253044	0.666965	
-0.0253045	0.666966	
-0.0253045	0.666968	
-0.0253046	0.66697	
-0.0253047	0.666972	
-0.0253047	0.666974	
-0.0253048	0.666976	
-0.0253048	0.666978	
-0.0253049	0.66698	
-0.025305	0.666981	
-0.025305	0.666983	
-0.0253051	0.666985	
-0.0253052	0.666987	
-0.0253052	0.666989	
-0.0253053	0.666991	
-0.0253053	0.666993	
-0.0253054	0.666995	
-0.0253055	0.666997	
-0.0253055	0.666998	
-0.0253056	0.667	
-0.0253056	0.667002	
-0.0253057	0.667004	
-0.0253058	0.667006	
-0.0253058	0.667008	
-0.0253059	0.66701	
-0.0253059	0.667012	
-0.025306	0.667014	
-0.0253061	0.667016	
-0.0253061	0.667017	
-0.0253062	0.667019	
-0.0253063	0.667021	
-0.0253063	0.667023	
-0.0253064	0.667025	
-0.0253064	0.667027	
-0.0253065	0.667029	
-0.0253066	0.667031	
-0.0253066	0.667032	
-0.0253067	0.667034	
-0.0253067	0.667036	
-0.0253068	0.667038	
-0.0253068	0.66704	
-0.0253069	0.667042	
-0.025307	0.667044	
-0.025307	0.667045	
-0.0253071	0.667047	
-0.0253071	0.667049	
-0.0253072	0.667051	
-0.0253073	0.667053	
-0.0253073	0.667055	
-0.0253074	0.667056	
-0.0253074	0.667058	
-0.0253075	0.66706	
-0.0253075	0.667062	
-0.0253076	0.667064	
-0.0253077	0.667066	
-0.0253077	0.667067	
-0.0253078	0.667069	
-0.0253078	0.667071	
-0.0253079	0.667073	
-0.0253079	0.667074	
-0.025308	0.667076	
-0.025308	0.667078	
-0.0253081	0.66708	
-0.0253082	0.667081	
-0.0253082	0.667083	
-0.0253083	0.667085	
-0.0253083	0.667087	
-0.0253084	0.667088	
-0.0253084	0.66709	
-0.0253085	0.667092	
-0.0253085	0.667093	
-0.0253086	0.667095	
-0.0253086	0.667097	
-0.0253087	0.667098	
-0.0253087	0.6671	
-0.0253088	0.667102	
-0.0253088	0.667103	
-0.0253089	0.667105	
-0.0253089	0.667107	
-0.025309	0.667108	
-0.025309	0.66711	
-0.0253091	0.667111	
-0.0253091	0.667113	
-0.0253092	0.667114	
-0.0253092	0.667116	
-0.0253093	0.667118	
-0.0253093	0.667119	
-0.0253094	0.667121	
-0.0253094	0.667122	
-0.0253095	0.667124	
-0.0253095	0.667125	
-0.0253095	0.667127	
-0.0253096	0.667128	
-0.0253096	0.66713	
-0.0253097	0.667131	
-0.0253097	0.667133	
-0.0253098	0.667134	
-0.0253098	0.667135	
-0.0253099	0.667137	
-0.0253099	0.667138	
-0.0253099	0.66714	
-0.02531	0.667141	
-0.02531	0.667142	
-0.0253101	0.667144	
-0.0253101	0.667145	
-0.0253101	0.667146	
-0.0253102	0.667148	
-0.0253102	0.667149	
-0.0253103	0.66715	
-0.0253103	0.667152	
-0.0253103	0.667153	
-0.0253104	0.667154	
-0.0253104	0.667156	
-0.0253105	0.667157	
-0.0253105	0.667158	
-0.0253105	0.667159	
-0.0253106	0.66716	
-0.0253106	0.667162	
-0.0253106	0.667163	
-0.0253107	0.667164	
-0.0253107	0.667165	
-0.0253107	0.667166	
-0.0253108	0.667167	
-0.0253108	0.667169	
-0.0253108	0.66717	
-0.0253109	0.667171	
-0.0253109	0.667172	
-0.0253109	0.667173	
-0.025311	0.667174	
-0.025311	0.667175	
-0.025311	0.667176	
-0.0253111	0.667177	
-0.0253111	0.667178	
-0.0253111	0.667179	
-0.0253112	0.66718	
-0.0253112	0.667181	
-0.0253112	0.667182	
-0.0253112	0.667183	
-0.0253113	0.667184	
-0.0253113	0.667185	
-0.0253113	0.667186	
-0.0253113	0.667186	
-0.0253114	0.667187	
-0.0253114	0.667188	
-0.0253114	0.667189	
-0.0253114	0.66719	
-0.0253115	0.667191	
-0.0253115	0.667192	
-0.0253115	0.667192	
-0.0253115	0.667193	
-0.0253116	0.667194	
-0.0253116	0.667195	
-0.0253116	0.667195	
-0.0253116	0.667196	
-0.0253117	0.667197	
-0.0253117	0.667198	
-0.0253117	0.667198	
-0.0253117	0.667199	
-0.0253117	0.6672	
-0.0253118	0.6672	
-0.0253118	0.667201	
-0.0253118	0.667201	
-0.0253118	0.667202	
-0.0253118	0.667203	
-0.0253118	0.667203	
-0.0253119	0.667204	
-0.0253119	0.667204	
-0.0253119	0.667205	
-0.0253119	0.667205	
-0.0253119	0.667206	
-0.0253119	0.667206	
-0.0253119	0.667207	
-0.025312	0.667207	
-0.025312	0.667208	
-0.025312	0.667208	
-0.025312	0.667209	
-0.025312	0.667209	
-0.025312	0.66721	
-0.025312	0.66721	
-0.025312	0.66721	
-0.0253121	0.667211	
-0.0253121	0.667211	
-0.0253121	0.667211	
-0.0253121	0.667212	
-0.0253121	0.667212	
-0.0253121	0.667212	
-0.0253121	0.667213	
-0.0253121	0.667213	
-0.0253121	0.667213	
-0.0253121	0.667213	
-0.0253121	0.667214	
-0.0253121	0.667214	
-0.0253122	0.667214	
-0.0253122	0.667214	
-0.0253122	0.667214	
-0.0253122	0.667215	
-0.0253122	0.667215	
-0.0253122	0.667215	
-0.0253122	0.667215	
-0.0253122	0.667215	
-0.0253122	0.667215	
-0.0253122	0.667215	
-0.0253122	0.667215	
-0.0253122	0.667216	
-0.0253122	0.667216	
-0.0253122	0.667216	
-0.0253122	0.667216	
-0.0253122	0.667216	
-0.0253122	0.667216	
-0.0253122	0.667216	
-0.0253122	0.667216	
-0.0253122	0.667216	
-0.0253122	0.667216	
-0.0253122	0.667216	
-0.0253122	0.667216	
-0.0253122	0.667215	
-0.0253122	0.667215	
-0.0253122	0.667215	
-0.0253122	0.667215	
-0.0253122	0.667215	
-0.0253122	0.667215	
-0.0253122	0.667215	
-0.0253122	0.667215	
-0.0253122	0.667215	
-0.0253122	0.667214	
-0.0253121	0.667214	
-0.0253121	0.667214	
-0.0253121	0.667214	
-0.0253121	0.667214	
-0.0253121	0.667213	
-0.0253121	0.667213	
-0.0253121	0.667213	
-0.0253121	0.667213	
-0.0253121	0.667212	
-0.0253121	0.667212	
-0.0253121	0.667212	
-0.0253121	0.667212	
-0.0253121	0.667211	
-0.025312	0.667211	
-0.025312	0.667211	
-0.025312	0.66721	
-0.025312	0.66721	
-0.025312	0.66721	
-0.025312	0.667209	
-0.025312	0.667209	
-0.025312	0.667209	
-0.025312	0.667208	
-0.0253119	0.667208	
-0.0253119	0.667207	
-0.0253119	0.667207	
-0.0253119	0.667206	
-0.0253119	0.667206	
-0.0253119	0.667206	
-0.0253119	0.667205	
-0.0253119	0.667205	
-0.0253118	0.667204	
-0.0253118	0.667204	
-0.0253118	0.667203	
-0.0253118	0.667203	
-0.0253118	0.667202	
-0.0253118	0.667202	
-0.0253117	0.667201	
-0.0253117	0.667201	
-0.0253117	0.6672	
-0.0253117	0.6672	
-0.0253117	0.667199	
-0.0253117	0.667199	
-0.0253116	0.667198	
-0.0253116	0.667197	
-0.0253116	0.667197	
-0.0253116	0.667196	
-0.0253116	0.667196	
-0.0253116	0.667195	
-0.0253115	0.667195	
-0.0253115	0.667194	
-0.0253115	0.667193	
-0.0253115	0.667193	
-0.0253115	0.667192	
-0.0253114	0.667191	
-0.0253114	0.667191	
-0.0253114	0.66719	
-0.0253114	0.667189	
-0.0253114	0.667189	
-0.0253113	0.667188	
-0.0253113	0.667188	
-0.0253113	0.667187	
-0.0253113	0.667186	
-0.0253113	0.667185	
-0.0253112	0.667185	
-0.0253112	0.667184	
-0.0253112	0.667183	
-0.0253112	0.667183	
-0.0253112	0.667182	
-0.0253111	0.667181	
-0.0253111	0.667181	
-0.0253111	0.66718	
-0.0253111	0.667179	
-0.025311	0.667178	
-0.025311	0.667178	
-0.025311	0.667177	
-0.025311	0.667176	
-0.025311	0.667175	
-0.0253109	0.667175	
-0.0253109	0.667174	
-0.0253109	0.667173	
-0.0253109	0.667172	
-0.0253108	0.667172	
-0.0253108	0.667171	
-0.0253108	0.66717	
-0.0253108	0.667169	
-0.0253107	0.667168	
-0.0253107	0.667168	
-0.0253107	0.667167	
-0.0253107	0.667166	
-0.0253106	0.667165	
-0.0253106	0.667164	
-0.0253106	0.667164	
-0.0253106	0.667163	
-0.0253105	0.667162	
-0.0253105	0.667161	
-0.0253105	0.66716	
-0.0253105	0.66716	
-0.0253104	0.667159	
-0.0253104	0.667158	
-0.0253104	0.667157	
-0.0253104	0.667156	
-0.0253103	0.667155	
-0.0253103	0.667155	
-0.0253103	0.667154	
-0.0253103	0.667153	
-0.0253102	0.667152	
-0.0253102	0.667151	
-0.0253102	0.667151	
-0.0253102	0.66715	
-0.0253101	0.667149	
-0.0253101	0.667148	
-0.0253101	0.667147	
-0.0253101	0.667146	
-0.02531	0.667146	
-0.02531	0.667145	
-0.02531	0.667144	
-0.02531	0.667143	
-0.0253099	0.667142	
-0.0253099	0.667141	
-0.0253099	0.66714	
-0.0253099	0.66714	
-0.0253098	0.667139	
-0.0253098	0.667138	
-0.0253098	0.667137	
-0.0253098	0.667136	
-0.0253097	0.667135	
-0.0253097	0.667135	
-0.0253097	0.667134	
-0.0253096	0.667133	
-0.0253096	0.667132	
-0.0253096	0.667131	
-0.0253096	0.66713	
-0.0253095	0.66713	
-0.0253095	0.667129	
-0.0253095	0.667128	
-0.0253095	0.667127	
-0.0253094	0.667126	
-0.0253094	0.667125	
-0.0253094	0.667125	
-0.0253094	0.667124	
-0.0253093	0.667123	
-0.0253093	0.667122	
-0.0253093	0.667121	
-0.0253093	0.66712	
-0.0253092	0.66712	
-0.0253092	0.667119	
-0.0253092	0.667118	
-0.0253092	0.667117	
-0.0253091	0.667116	
-0.0253091	0.667116	
-0.0253091	0.667115	
-0.0253091	0.667114	
-0.025309	0.667113	
-0.025309	0.667112	
-0.025309	0.667112	
-0.025309	0.667111	
-0.0253089	0.66711	
-0.0253089	0.667109	
-0.0253089	0.667108	
-0.0253089	0.667108	
-0.0253088	0.667107	
-0.0253088	0.667106	
-0.0253088	0.667105	
-0.0253088	0.667105	
-0.0253087	0.667104	
-0.0253087	0.667103	
-0.0253087	0.667102	
-0.0253087	0.667101	
-0.0253086	0.667101	
-0.0253086	0.6671	
-0.0253086	0.667099	
-0.0253086	0.667098	
-0.0253085	0.667098	
-0.0253085	0.667097	
-0.0253085	0.667096	
-0.0253085	0.667096	
-0.0253084	0.667095	
-0.0253084	0.667094	
-0.0253084	0.667093	
-0.0253084	0.667093	
-0.0253084	0.667092	
-0.0253083	0.667091	
-0.0253083	0.667091	
-0.0253083	0.66709	
-0.0253083	0.667089	
-0.0253082	0.667088	
-0.0253082	0.667088	
-0.0253082	0.667087	
-0.0253082	0.667086	
-0.0253082	0.667086	
-0.0253081	0.667085	
-0.0253081	0.667084	
-0.0253081	0.667084	
-0.0253081	0.667083	
-0.025308	0.667082	
-0.025308	0.667082	
-0.025308	0.667081	
-0.025308	0.66708	
-0.025308	0.66708	
-0.0253079	0.667079	
-0.0253079	0.667079	
-0.0253079	0.667078	
-0.0253079	0.667077	
-0.0253079	0.667077	
-0.0253078	0.667076	
-0.0253078	0.667076	
-0.0253078	0.667075	
-0.0253078	0.667074	
-0.0253078	0.667074	
-0.0253077	0.667073	
-0.0253077	0.667073	
-0.0253077	0.667072	
-0.0253077	0.667072	
-0.0253077	0.667071	
-0.0253076	0.66707	
-0.0253076	0.66707	
-0.0253076	0.667069	
-0.0253076	0.667069	
-0.0253076	0.667068	
-0.0253076	0.667068	
-0.0253075	0.667067	
-0.0253075	0.667067	
-0.0253075	0.667066	
-0.0253075	0.667066	
-0.0253075	0.667065	
-0.0253075	0.667065	
-0.0253074	0.667064	
-0.0253074	0.667064	
-0.0253074	0.667063	
-0.0253074	0.667063	
-0.0253074	0.667062	
-0.0253074	0.667062	
-0.0253073	0.667062	
-0.0253073	0.667061	
-0.0253073	0.667061	
-0.0253073	0.66706	
-0.0253073	0.66706	
-0.0253073	0.667059	
-0.0253072	0.667059	
-0.0253072	0.667059	
-0.0253072	0.667058	
-0.0253072	0.667058	
-0.0253072	0.667057	
-0.0253072	0.667057	
-0.0253072	0.667057	
-0.0253072	0.667056	
-0.0253071	0.667056	
-0.0253071	0.667056	
-0.0253071	0.667055	
-0.0253071	0.667055	
-0.0253071	0.667054	
-0.0253071	0.667054	
-0.0253071	0.667054	
-0.025307	0.667053	
-0.025307	0.667053	
-0.025307	0.667053	
-0.025307	0.667053	
-0.025307	0.667052	
-0.025307	0.667052	
-0.025307	0.667052	
-0.025307	0.667051	
-0.025307	0.667051	
-0.0253069	0.667051	
-0.0253069	0.667051	
-0.0253069	0.66705	
-0.0253069	0.66705	
-0.0253069	0.66705	
-0.0253069	0.66705	
-0.0253069	0.667049	
-0.0253069	0.667049	
-0.0253069	0.667049	
-0.0253069	0.667049	
-0.0253069	0.667048	
-0.0253068	0.667048	
-0.0253068	0.667048	
-0.0253068	0.667048	
-0.0253068	0.667048	
-0.0253068	0.667047	
-0.0253068	0.667047	
-0.0253068	0.667047	
-0.0253068	0.667047	
-0.0253068	0.667047	
-0.0253068	0.667047	
-0.0253068	0.667047	
-0.0253068	0.667046	
-0.0253068	0.667046	
-0.0253067	0.667046	
-0.0253067	0.667046	
-0.0253067	0.667046	
-0.0253067	0.667046	
-0.0253067	0.667046	
-0.0253067	0.667046	
-0.0253067	0.667045	
-0.0253067	0.667045	
-0.0253067	0.667045	
-0.0253067	0.667045	
-0.0253067	0.667045	
-0.0253067	0.667045	
-0.0253067	0.667045	
-0.0253067	0.667045	
-0.0253067	0.667045	
-0.0253067	0.667045	
-0.0253067	0.667045	
-0.0253067	0.667045	
-0.0253067	0.667045	
-0.0253067	0.667045	
-0.0253067	0.667045	
-0.0253066	0.667045	
-0.0253066	0.667045	
-0.0253066	0.667045	
-0.0253066	0.667045	
-0.0253066	0.667045	
-0.0253066	0.667045	
-0.0253066	0.667045	
-0.0253066	0.667045	
-0.0253066	0.667045	
-0.0253066	0.667045	
-0.0253066	0.667045	
-0.0253066	0.667045	
-0.0253066	0.667045	
-0.0253066	0.667045	
-0.0253066	0.667045	
-0.0253066	0.667045	
-0.0253066	0.667045	
-0.0253066	0.667045	
-0.0253066	0.667045	
-0.0253066	0.667045	
-0.0253066	0.667045	
-0.0253066	0.667046	
-0.0253066	0.667046	
-0.0253066	0.667046	
-0.0253066	0.667046	
-0.0253066	0.667046	
-0.0253066	0.667046	
-0.0253066	0.667046	
-0.0253066	0.667046	
-0.0253066	0.667046	
-0.0253066	0.667047	
-0.0253066	0.667047	
-0.0253066	0.667047	
-0.0253066	0.667047	
-0.0253066	0.667047	
-0.0253066	0.667047	
-0.0253066	0.667047	
-0.0253066	0.667048	
-0.0253067	0.667048	
-0.0253067	0.667048	
-0.0253067	0.667048	
-0.0253067	0.667048	
-0.0253067	0.667048	
-0.0253067	0.667049	
-0.0253067	0.667049	
-0.0253067	0.667049	
-0.0253067	0.667049	
-0.0253067	0.667049	
-0.0253067	0.66705	
-0.0253067	0.66705	
-0.0253067	0.66705	
-0.0253067	0.66705	
-0.0253067	0.667051	
-0.0253067	0.667051	
-0.0253067	0.667051	
-0.0253067	0.667051	
-0.0253067	0.667051	
-0.0253067	0.667052	
-0.0253067	0.667052	
-0.0253067	0.667052	
-0.0253067	0.667052	
-0.0253068	0.667053	
-0.0253068	0.667053	
-0.0253068	0.667053	
-0.0253068	0.667053	
-0.0253068	0.667054	
-0.0253068	0.667054	
-0.0253068	0.667054	
-0.0253068	0.667054	
-0.0253068	0.667055	
-0.0253068	0.667055	
-0.0253068	0.667055	
-0.0253068	0.667056	
-0.0253068	0.667056	
-0.0253068	0.667056	
-0.0253068	0.667056	
-0.0253069	0.667057	
-0.0253069	0.667057	
-0.0253069	0.667057	
-0.0253069	0.667058	
-0.0253069	0.667058	
-0.0253069	0.667058	
-0.0253069	0.667059	
-0.0253069	0.667059	
-0.0253069	0.667059	
-0.0253069	0.66706	
-0.0253069	0.66706	
-0.0253069	0.66706	
-0.0253069	0.66706	
-0.025307	0.667061	
-0.025307	0.667061	
-0.025307	0.667061	
-0.025307	0.667062	
-0.025307	0.667062	
-0.025307	0.667062	
-0.025307	0.667063	
-0.025307	0.667063	
-0.025307	0.667063	
-0.025307	0.667064	
-0.025307	0.667064	
-0.0253071	0.667064	
-0.0253071	0.667065	
-0.0253071	0.667065	
-0.0253071	0.667066	
-0.0253071	0.667066	
-0.0253071	0.667066	
-0.0253071	0.667067	
-0.0253071	0.667067	
-0.0253071	0.667067	
-0.0253071	0.667068	
-0.0253071	0.667068	
-0.0253072	0.667068	
-0.0253072	0.667069	
-0.0253072	0.667069	
-0.0253072	0.667069	
-0.0253072	0.66707	
-0.0253072	0.66707	
-0.0253072	0.66707	
-0.0253072	0.667071	
-0.0253072	0.667071	
-0.0253072	0.667072	
-0.0253073	0.667072	
-0.0253073	0.667072	
-0.0253073	0.667073	
-0.0253073	0.667073	
-0.0253073	0.667073	
-0.0253073	0.667074	
-0.0253073	0.667074	
-0.0253073	0.667075	
-0.0253073	0.667075	
-0.0253074	0.667075	
-0.0253074	0.667076	
-0.0253074	0.667076	
-0.0253074	0.667076	
-0.0253074	0.667077	
-0.0253074	0.667077	
-0.0253074	0.667078	
-0.0253074	0.667078	
-0.0253074	0.667078	
-0.0253075	0.667079	
-0.0253075	0.667079	
-0.0253075	0.667079	
-0.0253075	0.66708	
-0.0253075	0.66708	
-0.0253075	0.66708	
-0.0253075	0.667081	
-0.0253075	0.667081	
-0.0253075	0.667082	
-0.0253076	0.667082	
-0.0253076	0.667082	
-0.0253076	0.667083	
-0.0253076	0.667083	
-0.0253076	0.667083	
-0.0253076	0.667084	
-0.0253076	0.667084	
-0.0253076	0.667085	
-0.0253076	0.667085	
-0.0253077	0.667085	
-0.0253077	0.667086	
-0.0253077	0.667086	
-0.0253077	0.667086	
-0.0253077	0.667087	
-0.0253077	0.667087	
-0.0253077	0.667087	
-0.0253077	0.667088	
-0.0253077	0.667088	
-0.0253078	0.667089	
-0.0253078	0.667089	
-0.0253078	0.667089	
-0.0253078	0.66709	
-0.0253078	0.66709	
-0.0253078	0.66709	
-0.0253078	0.667091	
-0.0253078	0.667091	
-0.0253078	0.667091	
-0.0253079	0.667092	
-0.0253079	0.667092	
-0.0253079	0.667092	
-0.0253079	0.667093	
-0.0253079	0.667093	
-0.0253079	0.667094	
-0.0253079	0.667094	
-0.0253079	0.667094	
-0.0253079	0.667095	
-0.025308	0.667095	
-0.025308	0.667095	
-0.025308	0.667096	
-0.025308	0.667096	
-0.025308	0.667096	
-0.025308	0.667097	
-0.025308	0.667097	
-0.025308	0.667097	
-0.025308	0.667098	
-0.0253081	0.667098	
-0.0253081	0.667098	
-0.0253081	0.667098	
-0.0253081	0.667099	
-0.0253081	0.667099	
-0.0253081	0.667099	
-0.0253081	0.6671	
-0.0253081	0.6671	
-0.0253081	0.6671	
-0.0253082	0.667101	
-0.0253082	0.667101	
-0.0253082	0.667101	
-0.0253082	0.667102	
-0.0253082	0.667102	
-0.0253082	0.667102	
-0.0253082	0.667102	
-0.0253082	0.667103	
-0.0253082	0.667103	
-0.0253082	0.667103	
-0.0253083	0.667104	
-0.0253083	0.667104	
-0.0253083	0.667104	
-0.0253083	0.667105	
-0.0253083	0.667105	
-0.0253083	0.667105	
-0.0253083	0.667105	
-0.0253083	0.667106	
-0.0253083	0.667106	
-0.0253083	0.667106	
-0.0253084	0.667106	
-0.0253084	0.667107	
-0.0253084	0.667107	
-0.0253084	0.667107	
-0.0253084	0.667107	
-0.0253084	0.667108	
-0.0253084	0.667108	
-0.0253084	0.667108	
-0.0253084	0.667108	
-0.0253084	0.667109	
-0.0253084	0.667109	
-0.0253085	0.667109	
-0.0253085	0.667109	
-0.0253085	0.66711	
-0.0253085	0.66711	
-0.0253085	0.66711	
-0.0253085	0.66711	
-0.0253085	0.667111	
-0.0253085	0.667111	
-0.0253085	0.667111	
-0.0253085	0.667111	
-0.0253085	0.667112	
-0.0253086	0.667112	
-0.0253086	0.667112	
-0.0253086	0.667112	
-0.0253086	0.667112	
-0.0253086	0.667113	
-0.0253086	0.667113	
-0.0253086	0.667113	
-0.0253086	0.667113	
-0.0253086	0.667113	
-0.0253086	0.667114	
-0.0253086	0.667114	
-0.0253086	0.667114	
-0.0253086	0.667114	
-0.0253087	0.667114	
-0.0253087	0.667114	
-0.0253087	0.667115	
-0.0253087	0.667115	
-0.0253087	0.667115	
-0.0253087	0.667115	
-0.0253087	0.667115	
-0.0253087	0.667115	
-0.0253087	0.667116	
-0.0253087	0.667116	
-0.0253087	0.667116	
-0.0253087	0.667116	
-0.0253087	0.667116	
-0.0253087	0.667116	
-0.0253088	0.667117	
-0.0253088	0.667117	
-0.0253088	0.667117	
-0.0253088	0.667117	
-0.0253088	0.667117	
-0.0253088	0.667117	
-0.0253088	0.667117	
-0.0253088	0.667117	
-0.0253088	0.667118	
-0.0253088	0.667118	
-0.0253088	0.667118	
-0.0253088	0.667118	
-0.0253088	0.667118	
-0.0253088	0.667118	
-0.0253088	0.667118	
-0.0253088	0.667118	
-0.0253089	0.667119	
-0.0253089	0.667119	
-0.0253089	0.667119	
-0.0253089	0.667119	
-0.0253089	0.667119	
-0.0253089	0.667119	
-0.0253089	0.667119	
-0.0253089	0.667119	
-0.0253089	0.667119	
-0.0253089	0.667119	
-0.0253089	0.667119	
-0.0253089	0.667119	
-0.0253089	0.66712	
-0.0253089	0.66712	
-0.0253089	0.66712	
-0.0253089	0.66712	
-0.0253089	0.66712	
-0.0253089	0.66712	
-0.0253089	0.66712	
-0.0253089	0.66712	
-0.0253089	0.66712	
-0.0253089	0.66712	
-0.025309	0.66712	
-0.025309	0.66712	
-0.025309	0.66712	
-0.025309	0.66712	
-0.025309	0.66712	
-0.025309	0.66712	
-0.025309	0.66712	
-0.025309	0.66712	
-0.025309	0.66712	
-0.025309	0.66712	
-0.025309	0.66712	
-0.025309	0.66712	
-0.025309	0.66712	
-0.025309	0.66712	
-0.025309	0.66712	
-0.025309	0.667121	
-0.025309	0.667121	
-0.025309	0.667121	
-0.025309	0.667121	
-0.025309	0.667121	
-0.025309	0.667121	
-0.025309	0.667121	
-0.025309	0.667121	
-0.025309	0.66712	
-0.025309	0.66712	
-0.025309	0.66712	
-0.025309	0.66712	
-0.025309	0.66712	
-0.025309	0.66712	
-0.025309	0.66712	
-0.025309	0.66712	
-0.025309	0.66712	
-0.025309	0.66712	
-0.025309	0.66712	
-0.025309	0.66712	
-0.025309	0.66712	
-0.025309	0.66712	
-0.025309	0.66712	
-0.025309	0.66712	
-0.025309	0.66712	
-0.025309	0.66712	
-0.025309	0.66712	
-0.025309	0.66712	
-0.025309	0.66712	
-0.025309	0.66712	
-0.025309	0.66712	
-0.025309	0.66712	
-0.025309	0.66712	
-0.025309	0.66712	
-0.025309	0.66712	
-0.025309	0.667119	
-0.025309	0.667119	
-0.025309	0.667119	
-0.025309	0.667119	
-0.025309	0.667119	
-0.025309	0.667119	
-0.025309	0.667119	
-0.025309	0.667119	
-0.025309	0.667119	
-0.025309	0.667119	
-0.025309	0.667119	
-0.025309	0.667119	
-0.025309	0.667119	
-0.025309	0.667118	
-0.025309	0.667118	
-0.025309	0.667118	
-0.025309	0.667118	
-0.025309	0.667118	
-0.025309	0.667118	
-0.025309	0.667118	
-0.025309	0.667118	
-0.025309	0.667118	
-0.025309	0.667118	
-0.025309	0.667117	
-0.025309	0.667117	
-0.025309	0.667117	
-0.025309	0.667117	
-0.025309	0.667117	
-0.025309	0.667117	
-0.025309	0.667117	
-0.025309	0.667117	
-0.025309	0.667117	
-0.025309	0.667116	
-0.025309	0.667116	
-0.025309	0.667116	
-0.025309	0.667116	
-0.025309	0.667116	
-0.025309	0.667116	
-0.025309	0.667116	
-0.025309	0.667116	
-0.025309	0.667115	
-0.025309	0.667115	
-0.025309	0.667115	
-0.025309	0.667115	
-0.025309	0.667115	
-0.025309	0.667115	
-0.025309	0.667115	
-0.025309	0.667115	
-0.025309	0.667114	
-0.025309	0.667114	
-0.025309	0.667114	
-0.025309	0.667114	
-0.025309	0.667114	
-0.025309	0.667114	
-0.025309	0.667114	
-0.025309	0.667113	
-0.0253089	0.667113	
-0.0253089	0.667113	
-0.0253089	0.667113	
-0.0253089	0.667113	
-0.0253089	0.667113	
-0.0253089	0.667113	
-0.0253089	0.667112	
-0.0253089	0.667112	
-0.0253089	0.667112	
-0.0253089	0.667112	
-0.0253089	0.667112	
-0.0253089	0.667112	
-0.0253089	0.667111	
-0.0253089	0.667111	
-0.0253089	0.667111	
-0.0253089	0.667111	
-0.0253089	0.667111	
-0.0253089	0.667111	
-0.0253089	0.667111	
-0.0253089	0.66711	
-0.0253089	0.66711	
-0.0253089	0.66711	
-0.0253089	0.66711	
-0.0253089	0.66711	
-0.0253089	0.66711	
-0.0253089	0.667109	
-0.0253089	0.667109	
-0.0253088	0.667109	
-0.0253088	0.667109	
-0.0253088	0.667109	
-0.0253088	0.667109	
-0.0253088	0.667108	
-0.0253088	0.667108	
-0.0253088	0.667108	
-0.0253088	0.667108	
-0.0253088	0.667108	
-0.0253088	0.667108	
-0.0253088	0.667107	
-0.0253088	0.667107	
-0.0253088	0.667107	
-0.0253088	0.667107	
-0.0253088	0.667107	
-0.0253088	0.667107	
-0.0253088	0.667107	
-0.0253088	0.667106	
-0.0253088	0.667106	
-0.0253088	0.667106	
-0.0253088	0.667106	
-0.0253088	0.667106	
-0.0253088	0.667106	
-0.0253087	0.667105	
-0.0253087	0.667105	
-0.0253087	0.667105	
-0.0253087	0.667105	
-0.0253087	0.667105	
-0.0253087	0.667105	
-0.0253087	0.667104	
-0.0253087	0.667104	
-0.0253087	0.667104	
-0.0253087	0.667104	
-0.0253087	0.667104	
-0.0253087	0.667104	
-0.0253087	0.667103	
-0.0253087	0.667103	
-0.0253087	0.667103	
-0.0253087	0.667103	
-0.0253087	0.667103	
-0.0253087	0.667103	
-0.0253087	0.667102	
-0.0253087	0.667102	
-0.0253087	0.667102	
-0.0253086	0.667102	
-0.0253086	0.667102	
-0.0253086	0.667102	
-0.0253086	0.667101	
-0.0253086	0.667101	
-0.0253086	0.667101	
-0.0253086	0.667101	
-0.0253086	0.667101	
-0.0253086	0.667101	
-0.0253086	0.6671	
-0.0253086	0.6671	
-0.0253086	0.6671	
-0.0253086	0.6671	
-0.0253086	0.6671	
-0.0253086	0.6671	
-0.0253086	0.6671	
-0.0253086	0.667099	
-0.0253086	0.667099	
-0.0253086	0.667099	
-0.0253085	0.667099	
-0.0253085	0.667099	
-0.0253085	0.667099	
-0.0253085	0.667098	
-0.0253085	0.667098	
-0.0253085	0.667098	
-0.0253085	0.667098	
-0.0253085	0.667098	
-0.0253085	0.667098	
-0.0253085	0.667098	
-0.0253085	0.667097	
-0.0253085	0.667097	
-0.0253085	0.667097	
-0.0253085	0.667097	
-0.0253085	0.667097	
-0.0253085	0.667097	
-0.0253085	0.667097	
-0.0253085	0.667096	
-0.0253085	0.667096	
-0.0253085	0.667096	
-0.0253084	0.667096	
-0.0253084	0.667096	
-0.0253084	0.667096	
-0.0253084	0.667096	
-0.0253084	0.667095	
-0.0253084	0.667095	
-0.0253084	0.667095	
-0.0253084	0.667095	
-0.0253084	0.667095	
-0.0253084	0.667095	
-0.0253084	0.667095	
-0.0253128	0.667094	
-0.0253214	0.667092	
-0.0253344	0.66709	
-0.0253517	0.667086	
-0.0253733	0.667082	
-0.025399	0.667077	
-0.025429	0.667072	
-0.0254632	0.667066	
-0.0255016	0.667059	
-0.0255441	0.667051	
-0.0255907	0.667042	
-0.0256414	0.667033	
-0.0256962	0.667023	
-0.025755	0.667012	
-0.0258179	0.667	
-0.0258847	0.666988	
-0.0259554	0.666975	
-0.0260301	0.666961	
-0.0261087	0.666947	
-0.0261912	0.666932	
-0.0262775	0.666916	
-0.0263677	0.666899	
-0.0264616	0.666882	
-0.0265592	0.666864	
-0.0266607	0.666845	
-0.0267658	0.666826	
-0.0268745	0.666806	
-0.0269869	0.666785	
-0.0271029	0.666764	
-0.0272225	0.666742	
-0.0273456	0.666719	
-0.0274723	0.666696	
-0.0276024	0.666672	
-0.027736	0.666647	
-0.027873	0.666622	
-0.0280133	0.666596	
-0.0281571	0.666569	
-0.0283041	0.666542	
-0.0284544	0.666514	
-0.028608	0.666486	
-0.0287648	0.666456	
-0.0289248	0.666427	
-0.029088	0.666396	
-0.0292543	0.666365	
-0.0294236	0.666334	
-0.029596	0.666302	
-0.0297714	0.666269	
-0.0299498	0.666236	
-0.0301312	0.666202	
-0.0303155	0.666167	
-0.0305026	0.666132	
-0.0306926	0.666097	
-0.0308854	0.66606	
-0.031081	0.666024	
-0.0312793	0.665986	
-0.0314803	0.665948	
-0.031684	0.66591	
-0.0318903	0.665871	
-0.0320993	0.665832	
-0.0323107	0.665792	
-0.0325247	0.665751	
-0.0327412	0.66571	
-0.0329602	0.665669	
-0.0331815	0.665627	
-0.0334053	0.665584	
-0.0336314	0.665541	
-0.0338598	0.665498	
-0.0340904	0.665454	
-0.0343233	0.665409	
-0.0345584	0.665364	
-0.0347957	0.665319	
-0.0350351	0.665273	
-0.0352766	0.665227	
-0.0355201	0.66518	
-0.0357657	0.665133	
-0.0360132	0.665085	
-0.0362627	0.665037	
-0.0365141	0.664989	
-0.0367674	0.66494	
-0.0370225	0.66489	
-0.0372794	0.664841	
-0.037538	0.66479	
-0.0377984	0.66474	
-0.0380605	0.664689	
-0.0383242	0.664638	
-0.0385895	0.664586	
-0.0388564	0.664534	
-0.0391249	0.664481	
-0.0393949	0.664429	
-0.0396663	0.664376	
-0.0399392	0.664322	
-0.0402134	0.664268	
-0.040489	0.664214	
-0.040766	0.66416	
-0.0410442	0.664105	
-0.0413237	0.66405	
-0.0416044	0.663994	
-0.0418863	0.663938	
-0.0421693	0.663882	
-0.0424534	0.663826	
-0.0427386	0.663769	
-0.0430249	0.663713	
-0.0433121	0.663655	
-0.0436003	0.663598	
-0.0438895	0.66354	
-0.0441795	0.663482	
-0.0444704	0.663424	
-0.0447621	0.663366	
-0.0450546	0.663307	
-0.0453479	0.663248	
-0.0456419	0.663189	
-0.0459366	0.66313	
-0.0462319	0.66307	
-0.0465279	0.663011	
-0.0468245	0.66295	
-0.0471215	0.66289	
-0.0474191	0.66283	
-0.0477172	0.662769	
-0.0480157	0.662707	
-0.0483142	0.662646	
-0.0486128	0.662584	
-0.0489112	0.662522	
-0.0492092	0.66246	
-0.0495067	0.662397	
-0.0498035	0.662335	
-0.0500995	0.662272	
-0.0503945	0.662209	
-0.0506884	0.662145	
-0.050981	0.662081	
-0.0512723	0.662018	
-0.0515621	0.661954	
-0.0518502	0.661889	
-0.0521366	0.661825	
-0.0524211	0.66176	
-0.0527037	0.661696	
-0.0529842	0.661631	
-0.0532625	0.661566	
-0.0535386	0.6615	
-0.0538123	0.661435	
-0.0540836	0.66137	
-0.0543524	0.661304	
-0.0546186	0.661238	
-0.0548821	0.661172	
-0.0551429	0.661106	
-0.0554008	0.66104	
-0.0556559	0.660974	
-0.0559081	0.660908	
-0.0561573	0.660842	
-0.0564035	0.660775	
-0.0566465	0.660709	
-0.0568865	0.660643	
-0.0571233	0.660576	
-0.0573569	0.66051	
-0.0575872	0.660443	
-0.0578143	0.660377	
-0.058038	0.66031	
-0.0582585	0.660244	
-0.0584755	0.660177	
-0.0586892	0.660111	
-0.0588995	0.660044	
-0.0591064	0.659978	
-0.0593099	0.659911	
-0.05951	0.659845	
-0.0597066	0.659778	
-0.0598997	0.659712	
-0.0600894	0.659646	
-0.0602757	0.65958	
-0.0604585	0.659513	
-0.0606379	0.659447	
-0.0608138	0.659382	
-0.0609862	0.659316	
-0.0611553	0.65925	
-0.0613209	0.659184	
-0.0614831	0.659119	
-0.061642	0.659053	
-0.0617974	0.658988	
-0.0619495	0.658923	
-0.0620983	0.658858	
-0.0622437	0.658793	
-0.0623858	0.658729	
-0.0625247	0.658664	
-0.0626603	0.6586	
-0.0627926	0.658535	
-0.0629218	0.658471	
-0.0630477	0.658408	
-0.0631706	0.658344	
-0.0632903	0.658281	
-0.0634069	0.658217	
-0.0635205	0.658154	
-0.063631	0.658091	
-0.0637385	0.658029	
-0.0638431	0.657966	
-0.0639448	0.657904	
-0.0640435	0.657842	
-0.0641394	0.65778	
-0.0642325	0.657719	
-0.0643228	0.657658	
-0.0644104	0.657597	
-0.0644952	0.657536	
-0.0645774	0.657476	
-0.064657	0.657415	
-0.0647339	0.657355	
-0.0648083	0.657296	
-0.0648802	0.657236	
-0.0649496	0.657177	
-0.0650166	0.657118	
-0.0650812	0.65706	
-0.0651434	0.657002	
-0.0652034	0.656944	
-0.065261	0.656886	
-0.0653164	0.656829	
-0.0653697	0.656772	
-0.0654208	0.656715	
-0.0654697	0.656659	
-0.0655166	0.656603	
-0.0655615	0.656547	
-0.0656044	0.656492	
-0.0656453	0.656436	
-0.0656844	0.656382	
-0.0657215	0.656327	
-0.0657569	0.656273	
-0.0657904	0.65622	
-0.0658223	0.656166	
-0.0658524	0.656113	
-0.0658808	0.656061	
-0.0659076	0.656008	
-0.0659328	0.655957	
-0.0659565	0.655905	
-0.0659786	0.655854	
-0.0659993	0.655803	
-0.0660185	0.655753	
-0.0660364	0.655703	
-0.0660529	0.655653	
-0.066068	0.655604	
-0.0660818	0.655555	
-0.0660944	0.655507	
-0.0661058	0.655458	
-0.066116	0.655411	
-0.066125	0.655364	
-0.0661329	0.655317	
-0.0661398	0.65527	
-0.0661455	0.655224	
-0.0661503	0.655179	
-0.0661541	0.655133	
-0.0661569	0.655089	
-0.0661588	0.655044	
-0.0661598	0.655	
-0.0661599	0.654957	
-0.0661592	0.654913	
-0.0661577	0.654871	
-0.0661554	0.654829	
-0.0661524	0.654787	
-0.0661486	0.654745	
-0.0661442	0.654704	
-0.0661391	0.654664	
-0.0661333	0.654624	
-0.066127	0.654584	
-0.06612	0.654545	
-0.0661125	0.654506	
-0.0661045	0.654468	
-0.0660959	0.65443	
-0.0660868	0.654392	
-0.0660773	0.654355	
-0.0660673	0.654319	
-0.0660569	0.654283	
-0.0660462	0.654247	
-0.066035	0.654212	
-0.0660234	0.654177	
-0.0660116	0.654143	
-0.0659994	0.654109	
-0.0659868	0.654076	
-0.0659741	0.654043	
-0.065961	0.654011	
-0.0659477	0.653979	
-0.0659342	0.653947	
-0.0659204	0.653916	
-0.0659065	0.653886	
-0.0658923	0.653856	
-0.065878	0.653826	
-0.0658636	0.653797	
-0.065849	0.653768	
-0.0658342	0.65374	
-0.0658194	0.653712	
-0.0658045	0.653685	
-0.0657895	0.653658	
-0.0657744	0.653632	
-0.0657592	0.653606	
-0.065744	0.653581	
-0.0657288	0.653556	
-0.0657135	0.653531	
-0.0656982	0.653507	
-0.0656829	0.653484	
-0.0656676	0.653461	
-0.0656523	0.653438	
-0.0656371	0.653416	
-0.0656218	0.653394	
-0.0656066	0.653373	
-0.0655915	0.653353	
-0.0655763	0.653332	
-0.0655613	0.653313	
-0.0655463	0.653293	
-0.0655314	0.653275	
-0.0655166	0.653256	
-0.0655018	0.653238	
-0.0654871	0.653221	
-0.0654726	0.653204	
-0.0654581	0.653188	
-0.0654437	0.653172	
-0.0654295	0.653156	
-0.0654153	0.653141	
-0.0654013	0.653127	
-0.0653874	0.653113	
-0.0653736	0.653099	
-0.0653599	0.653086	
-0.0653464	0.653073	
-0.065333	0.653061	
-0.0653197	0.653049	
-0.0653066	0.653038	
-0.0652936	0.653027	
-0.0652807	0.653016	
-0.065268	0.653006	
-0.0652554	0.652997	
-0.065243	0.652988	
-0.0652307	0.652979	
-0.0652186	0.652971	
-0.0652066	0.652963	
-0.0651947	0.652956	
-0.065183	0.652949	
-0.0651715	0.652943	
-0.0651601	0.652937	
-0.0651488	0.652932	
-0.0651377	0.652927	
-0.0651267	0.652922	
-0.0651159	0.652918	
-0.0651052	0.652914	
-0.0650947	0.652911	
-0.0650843	0.652908	
-0.0650741	0.652906	
-0.065064	0.652904	
-0.065054	0.652902	
-0.0650442	0.652901	
-0.0650345	0.6529	
-0.065025	0.6529	
-0.0650155	0.6529	
-0.0650062	0.652901	
-0.0649971	0.652901	
-0.0649881	0.652903	
-0.0649792	0.652905	
-0.0649704	0.652907	
-0.0649617	0.652909	
-0.0649532	0.652912	
-0.0649448	0.652916	
-0.0649365	0.65292	
-0.0649283	0.652924	
-0.0649202	0.652929	
-0.0649123	0.652934	
-0.0649044	0.652939	
-0.0648967	0.652945	
-0.064889	0.652951	
-0.0648815	0.652957	
-0.064874	0.652964	
-0.0648667	0.652972	
-0.0648594	0.652979	
-0.0648522	0.652987	
-0.0648451	0.652996	
-0.0648381	0.653005	
-0.0648312	0.653014	
-0.0648243	0.653023	
-0.0648176	0.653033	
-0.0648109	0.653043	
-0.0648043	0.653054	
-0.0647977	0.653065	
-0.0647912	0.653076	
-0.0647848	0.653088	
-0.0647784	0.6531	
-0.0647721	0.653112	
-0.0647659	0.653125	
-0.0647597	0.653138	
-0.0647535	0.653151	
-0.0647475	0.653165	
-0.0647414	0.653179	
-0.0647354	0.653193	
-0.0647294	0.653208	
-0.0647235	0.653223	
-0.0647176	0.653238	
-0.0647118	0.653254	
-0.064706	0.65327	
-0.0647002	0.653286	
-0.0646944	0.653302	
-0.0646887	0.653319	
-0.0646829	0.653336	
-0.0646773	0.653354	
-0.0646716	0.653371	
-0.0646659	0.653389	
-0.0646603	0.653408	
-0.0646546	0.653426	
-0.064649	0.653445	
-0.0646434	0.653464	
-0.0646378	0.653483	
-0.0646322	0.653503	
-0.0646266	0.653523	
-0.064621	0.653543	
-0.0646154	0.653563	
-0.0646098	0.653584	
-0.0646042	0.653605	
-0.0645986	0.653626	
-0.064593	0.653648	
-0.0645874	0.653669	
-0.0645818	0.653691	
-0.0645761	0.653713	
-0.0645705	0.653736	
-0.0645648	0.653758	
-0.0645591	0.653781	
-0.0645534	0.653804	
-0.0645477	0.653827	
-0.064542	0.653851	
-0.0645362	0.653874	
-0.0645305	0.653898	
-0.0645247	0.653922	
-0.0645188	0.653947	
-0.064513	0.653971	
-0.0645071	0.653996	
-0.0645013	0.654021	
-0.0644953	0.654046	
-0.0644894	0.654071	
-0.0644834	0.654096	
-0.0644774	0.654122	
-0.0644714	0.654148	
-0.0644653	0.654174	
-0.0644593	0.6542	
-0.0644531	0.654226	
-0.064447	0.654252	
-0.0644408	0.654279	
-0.0644346	0.654306	
-0.0644283	0.654333	
-0.0644221	0.65436	
-0.0644158	0.654387	
-0.0644094	0.654414	
-0.064403	0.654442	
-0.0643966	0.654469	
-0.0643902	0.654497	
-0.0643837	0.654525	
-0.0643772	0.654553	
-0.0643707	0.654581	
-0.0643641	0.654609	
-0.0643575	0.654637	
-0.0643508	0.654666	
-0.0643442	0.654694	
-0.0643374	0.654723	
-0.0643307	0.654752	
-0.0643239	0.654781	
-0.0643171	0.65481	
-0.0643103	0.654839	
-0.0643034	0.654868	
-0.0642965	0.654897	
-0.0642895	0.654926	
-0.0642826	0.654955	
-0.0642756	0.654985	
-0.0642685	0.655014	
-0.0642615	0.655044	
-0.0642544	0.655074	
-0.0642473	0.655103	
-0.0642401	0.655133	
-0.064233	0.655163	
-0.0642258	0.655193	
-0.0642185	0.655223	
-0.0642113	0.655253	
-0.064204	0.655282	
-0.0641967	0.655313	
-0.0641894	0.655343	
-0.064182	0.655373	
-0.0641746	0.655403	
-0.0641672	0.655433	
-0.0641598	0.655463	
-0.0641524	0.655493	
-0.0641449	0.655523	
-0.0641374	0.655554	
-0.0641299	0.655584	
-0.0641224	0.655614	
-0.0641149	0.655644	
-0.0641073	0.655675	
-0.0640998	0.655705	
-0.0640922	0.655735	
-0.0640846	0.655765	
-0.064077	0.655795	
-0.0640694	0.655826	
-0.0640617	0.655856	
-0.0640541	0.655886	
-0.0640464	0.655916	
-0.0640388	0.655946	
-0.0640311	0.655976	
-0.0640235	0.656006	
-0.0640158	0.656036	
-0.0640081	0.656066	
-0.0640004	0.656096	
-0.0639927	0.656126	
-0.063985	0.656156	
-0.0639774	0.656186	
-0.0639697	0.656216	
-0.063962	0.656245	
-0.0639543	0.656275	
-0.0639466	0.656305	
-0.0639389	0.656334	
-0.0639313	0.656364	
-0.0639236	0.656393	
-0.0639159	0.656422	
-0.0639083	0.656452	
-0.0639006	0.656481	
-0.063893	0.65651	
-0.0638854	0.656539	
-0.0638778	0.656568	
-0.0638702	0.656597	
-0.0638626	0.656626	
-0.063855	0.656654	
-0.0638474	0.656683	
-0.0638399	0.656711	
-0.0638324	0.65674	
-0.0638249	0.656768	
-0.0638174	0.656796	
-0.0638099	0.656825	
-0.0638024	0.656853	
-0.063795	0.656881	
-0.0637876	0.656908	
-0.0637802	0.656936	
-0.0637729	0.656964	
-0.0637656	0.656991	
-0.0637582	0.657018	
-0.063751	0.657046	
-0.0637437	0.657073	
-0.0637365	0.6571	
-0.0637293	0.657127	
-0.0637221	0.657153	
-0.063715	0.65718	
-0.0637079	0.657206	
-0.0637008	0.657233	
-0.0636938	0.657259	
-0.0636868	0.657285	
-0.0636798	0.657311	
-0.0636729	0.657337	
-0.063666	0.657362	
-0.0636592	0.657388	
-0.0636523	0.657413	
-0.0636456	0.657438	
-0.0636388	0.657463	
-0.0636321	0.657488	
-0.0636255	0.657513	
-0.0636189	0.657538	
-0.0636123	0.657562	
-0.0636058	0.657586	
-0.0635993	0.65761	
-0.0635928	0.657634	
-0.0635864	0.657658	
-0.0635801	0.657682	
-0.0635738	0.657705	
-0.0635675	0.657728	
-0.0635613	0.657751	
-0.0635551	0.657774	
-0.063549	0.657797	
-0.0635429	0.65782	
-0.0635369	0.657842	
-0.063531	0.657864	
-0.063525	0.657887	
-0.0635192	0.657908	
-0.0635134	0.65793	
-0.0635076	0.657952	
-0.0635019	0.657973	
-0.0634962	0.657994	
-0.0634906	0.658015	
-0.0634851	0.658036	
-0.0634796	0.658056	
-0.0634742	0.658077	
-0.0634688	0.658097	
-0.0634634	0.658117	
-0.0634582	0.658137	
-0.063453	0.658157	
-0.0634478	0.658176	
-0.0634427	0.658195	
-0.0634377	0.658214	
-0.0634327	0.658233	
-0.0634277	0.658252	
-0.0634229	0.65827	
-0.0634181	0.658289	
-0.0634133	0.658307	
-0.0634086	0.658325	
-0.063404	0.658342	
-0.0633994	0.65836	
-0.0633949	0.658377	
-0.0633905	0.658394	
-0.0633861	0.658411	
-0.0633818	0.658428	
-0.0633775	0.658444	
-0.0633733	0.65846	
-0.0633692	0.658476	
-0.0633651	0.658492	
-0.0633611	0.658508	
-0.0633571	0.658523	
-0.0633532	0.658538	
-0.0633494	0.658553	
-0.0633456	0.658568	
-0.0633419	0.658583	
-0.0633383	0.658597	
-0.0633347	0.658611	
-0.0633312	0.658625	
-0.0633277	0.658639	
-0.0633243	0.658652	
-0.063321	0.658666	
-0.0633177	0.658679	
-0.0633145	0.658692	
-0.0633114	0.658704	
-0.0633083	0.658717	
-0.0633053	0.658729	
-0.0633024	0.658741	
-0.0632995	0.658753	
-0.0632967	0.658764	
-0.0632939	0.658776	
-0.0632912	0.658787	
-0.0632886	0.658798	
-0.0632861	0.658809	
-0.0632836	0.658819	
-0.0632811	0.658829	
-0.0632788	0.65884	
-0.0632764	0.658849	
-0.0632742	0.658859	
-0.063272	0.658869	
-0.0632699	0.658878	
-0.0632678	0.658887	
-0.0632659	0.658896	
-0.0632639	0.658904	
-0.0632621	0.658913	
-0.0632603	0.658921	
-0.0632585	0.658929	
-0.0632568	0.658937	
-0.0632552	0.658944	
-0.0632537	0.658951	
-0.0632522	0.658959	
-0.0632507	0.658966	
-0.0632494	0.658972	
-0.0632481	0.658979	
-0.0632468	0.658985	
-0.0632456	0.658991	
-0.0632445	0.658997	
-0.0632434	0.659003	
-0.0632424	0.659008	
-0.0632415	0.659013	
-0.0632406	0.659018	
-0.0632398	0.659023	
-0.063239	0.659028	
-0.0632383	0.659032	
-0.0632377	0.659036	
-0.0632371	0.65904	
-0.0632365	0.659044	
-0.0632361	0.659048	
-0.0632357	0.659051	
-0.0632353	0.659054	
-0.063235	0.659057	
-0.0632348	0.65906	
-0.0632346	0.659063	
-0.0632344	0.659065	
-0.0632344	0.659067	
-0.0632344	0.659069	
-0.0632344	0.659071	
-0.0632345	0.659073	
-0.0632346	0.659074	
-0.0632349	0.659075	
-0.0632351	0.659076	
-0.0632354	0.659077	
-0.0632358	0.659078	
-0.0632362	0.659078	
-0.0632367	0.659079	
-0.0632372	0.659079	
-0.0632378	0.659079	
-0.0632384	0.659078	
-0.0632391	0.659078	
-0.0632399	0.659077	
-0.0632407	0.659076	
-0.0632415	0.659075	
-0.0632424	0.659074	
-0.0632433	0.659073	
-0.0632443	0.659071	
-0.0632454	0.659069	
-0.0632464	0.659067	
-0.0632476	0.659065	
-0.0632488	0.659063	
-0.06325	0.65906	
-0.0632513	0.659058	
-0.0632526	0.659055	
-0.063254	0.659052	
-0.0632554	0.659049	
-0.0632569	0.659045	
-0.0632584	0.659042	
-0.0632599	0.659038	
-0.0632615	0.659035	
-0.0632632	0.659031	
-0.0632649	0.659026	
-0.0632666	0.659022	
-0.0632684	0.659018	
-0.0632702	0.659013	
-0.0632721	0.659008	
-0.063274	0.659003	
-0.0632715	0.658999	
-0.0632649	0.658995	
-0.0632542	0.658991	
-0.0632396	0.658988	
-0.0632211	0.658985	
-0.063199	0.658982	
-0.0631733	0.65898	
-0.0631441	0.658978	
-0.0631117	0.658977	
-0.063076	0.658975	
-0.0630372	0.658974	
-0.0629955	0.658974	
-0.0629509	0.658973	
-0.0629035	0.658973	
-0.0628535	0.658973	
-0.062801	0.658973	
-0.0627461	0.658973	
-0.0626889	0.658974	
-0.0626294	0.658974	
-0.0625679	0.658975	
-0.0625043	0.658976	
-0.0624388	0.658977	
-0.0623716	0.658978	
-0.0623026	0.658979	
-0.062232	0.65898	
-0.0621599	0.658981	
-0.0620863	0.658982	
-0.0620114	0.658982	
-0.0619353	0.658983	
-0.0618579	0.658984	
-0.0617795	0.658985	
-0.0617001	0.658986	
-0.0616197	0.658986	
-0.0615385	0.658986	
-0.0614566	0.658986	
-0.0613739	0.658987	
-0.0612906	0.658988	
-0.0612066	0.658991	
-0.0611221	0.658996	
-0.061037	0.659003	
-0.0609515	0.659014	
-0.0608654	0.659028	
-0.0607788	0.659045	
-0.0606918	0.659065	
-0.0606045	0.659086	
-0.0605169	0.659107	
-0.0604291	0.659128	
-0.060341	0.65915	
-0.0602528	0.659172	
-0.0601645	0.659194	
-0.0600761	0.659217	
-0.0599877	0.659241	
-0.0598993	0.659264	
-0.059811	0.659288	
-0.0597227	0.659313	
-0.0596346	0.659338	
-0.0595467	0.659363	
-0.059459	0.659388	
-0.0593715	0.659414	
-0.0592843	0.65944	
-0.0591974	0.659467	
-0.0591108	0.659494	
-0.0590247	0.659521	
-0.0589389	0.659548	
-0.0588536	0.659576	
-0.0587687	0.659604	
-0.0586843	0.659632	
-0.0586004	0.659661	
-0.058517	0.65969	
-0.0584343	0.659719	
-0.0583521	0.659749	
-0.0582705	0.659778	
-0.0581895	0.659808	
-0.0581092	0.659838	
-0.0580295	0.659869	
-0.0579506	0.6599	
-0.0578723	0.659931	
-0.0577948	0.659962	
-0.057718	0.659993	
-0.0576419	0.660025	
-0.0575666	0.660057	
-0.0574921	0.660089	
-0.0574184	0.660121	
-0.0573455	0.660153	
-0.0572735	0.660186	
-0.0572022	0.660219	
-0.0571318	0.660252	
-0.0570623	0.660285	
-0.0569936	0.660318	
-0.0569257	0.660352	
-0.0568588	0.660386	
-0.0567927	0.66042	
-0.0567275	0.660454	
-0.0566632	0.660488	
-0.0565998	0.660522	
-0.0565374	0.660557	
-0.0564758	0.660591	
-0.0564151	0.660626	
-0.0563553	0.660661	
-0.0562965	0.660696	
-0.0562386	0.660731	
-0.0561815	0.660767	
-0.0561254	0.660802	
-0.0560703	0.660837	
-0.056016	0.660873	
-0.0559626	0.660909	
-0.0559102	0.660945	
-0.0558587	0.660981	
-0.0558081	0.661017	
-0.0557584	0.661053	
-0.0557096	0.661089	
-0.0556617	0.661125	
-0.0556147	0.661162	
-0.0555687	0.661198	
-0.0555235	0.661235	
-0.0554791	0.661271	
-0.0554357	0.661308	
-0.0553932	0.661345	
-0.0553515	0.661382	
-0.0553106	0.661419	
-0.0552707	0.661456	
-0.0552316	0.661493	
-0.0551933	0.66153	
-0.0551559	0.661567	
-0.0551193	0.661604	
-0.0550835	0.661641	
-0.0550485	0.661678	
-0.0550144	0.661715	
-0.054981	0.661753	
-0.0549484	0.66179	
-0.0549166	0.661827	
-0.0548856	0.661864	
-0.0548554	0.661902	
-0.0548259	0.661939	
-0.0547971	0.661977	
-0.0547691	0.662014	
-0.0547418	0.662051	
-0.0547152	0.662089	
-0.0546894	0.662126	
-0.0546642	0.662163	
-0.0546397	0.662201	
-0.0546159	0.662238	
-0.0545928	0.662276	
-0.0545703	0.662313	
-0.0545485	0.66235	
-0.0545273	0.662387	
-0.0545067	0.662425	
-0.0544868	0.662462	
-0.0544674	0.662499	
-0.0544455	0.662537	
-0.0544208	0.662574	
-0.0543933	0.662612	
-0.054363	0.66265	
-0.05433	0.662689	
-0.0542942	0.662727	
-0.0542556	0.662766	
-0.0542144	0.662805	
-0.0541705	0.662845	
-0.0541239	0.662884	
-0.0540746	0.662924	
-0.0540227	0.662964	
-0.0539682	0.663004	
-0.053911	0.663044	
-0.0538513	0.663084	
-0.053789	0.663125	
-0.0537242	0.663166	
-0.0536568	0.663207	
-0.053587	0.663248	
-0.0535146	0.663289	
-0.0534398	0.66333	
-0.0533625	0.663372	
-0.0532827	0.663414	
-0.0532006	0.663455	
-0.053116	0.663497	
-0.0530291	0.663539	
-0.0529399	0.663582	
-0.0528482	0.663624	
-0.0527543	0.663666	
-0.0526581	0.663709	
-0.0525597	0.663752	
-0.052459	0.663794	
-0.052356	0.663837	
-0.0522509	0.66388	
-0.0521435	0.663923	
-0.052034	0.663966	
-0.0519224	0.664009	
-0.0518086	0.664052	
-0.0516927	0.664096	
-0.0515747	0.664139	
-0.0514547	0.664182	
-0.0513327	0.664226	
-0.0512086	0.664269	
-0.0510825	0.664313	
-0.0509545	0.664356	
-0.0508245	0.6644	
-0.0506926	0.664443	
-0.0505588	0.664487	
-0.0504231	0.664531	
-0.0502855	0.664574	
-0.0501461	0.664618	
-0.0500049	0.664661	
-0.0498619	0.664705	
-0.0497171	0.664748	
-0.0495706	0.664792	
-0.0494224	0.664836	
-0.0492724	0.664879	
-0.0491208	0.664922	
-0.0489675	0.664966	
-0.0488126	0.665009	
-0.0486561	0.665053	
-0.048498	0.665096	
-0.0483384	0.665139	
-0.0481772	0.665182	
-0.0480145	0.665225	
-0.0478503	0.665268	
-0.0476846	0.665311	
-0.0475175	0.665354	
-0.047349	0.665397	
-0.0471791	0.66544	
-0.0470078	0.665482	
-0.0468352	0.665525	
-0.0466612	0.665567	
-0.046486	0.66561	
-0.0463094	0.665652	
-0.0461316	0.665694	
-0.0459526	0.665736	
-0.0457724	0.665778	
-0.045591	0.665819	
-0.0454084	0.665861	
-0.0452247	0.665902	
-0.0450399	0.665944	
-0.044854	0.665985	
-0.044667	0.666026	
-0.044479	0.666067	
-0.04429	0.666108	
-0.0440999	0.666148	
-0.043909	0.666189	
-0.043717	0.666229	
-0.0435242	0.666269	
-0.0433304	0.666309	
-0.0431358	0.666349	
-0.0429403	0.666388	
-0.042744	0.666428	
-0.0425469	0.666467	
-0.042349	0.666506	
-0.0421504	0.666545	
-0.041951	0.666584	
-0.0417509	0.666622	
-0.0415501	0.66666	
-0.0413487	0.666698	
-0.0411466	0.666736	
-0.040944	0.666774	
-0.0407407	0.666812	
-0.0405369	0.666849	
-0.0403325	0.666886	
-0.0401276	0.666923	
-0.0399222	0.66696	
-0.0397164	0.666996	
-0.03951	0.667032	
-0.0393033	0.667068	
-0.0390961	0.667104	
-0.0388885	0.66714	
-0.0386806	0.667175	
-0.0384724	0.66721	
-0.0382638	0.667245	
-0.0380549	0.66728	
-0.0378458	0.667314	
-0.0376364	0.667348	
-0.0374268	0.667382	
-0.037217	0.667416	
-0.037007	0.667449	
-0.0367968	0.667482	
-0.0365865	0.667515	
-0.0363761	0.667548	
-0.0361656	0.66758	
-0.035955	0.667612	
-0.0357443	0.667644	
-0.0355336	0.667676	
-0.0353229	0.667707	
-0.0351123	0.667738	
-0.0349016	0.667769	
-0.034691	0.667799	
-0.0344805	0.667829	
-0.0342701	0.667859	
-0.0340598	0.667889	
-0.0338496	0.667919	
-0.0336396	0.667948	
-0.0334298	0.667977	
-0.0332201	0.668005	
-0.0330107	0.668033	
-0.0328015	0.668061	
-0.0325926	0.668089	
-0.032384	0.668117	
-0.0321756	0.668144	
-0.0319676	0.668171	
-0.0317599	0.668197	
-0.0315526	0.668224	
-0.0313456	0.66825	
-0.031139	0.668275	
-0.0309329	0.668301	
-0.0307271	0.668326	
-0.0305219	0.668351	
-0.0303171	0.668375	
-0.0301127	0.6684	
-0.0299089	0.668424	
-0.0297057	0.668447	
-0.0295029	0.668471	
-0.0293007	0.668494	
-0.0290991	0.668517	
-0.0288981	0.668539	
-0.0286977	0.668561	
-0.0284979	0.668583	
-0.0282988	0.668605	
-0.0281004	0.668626	
-0.0279026	0.668647	
-0.0277055	0.668668	
-0.0275091	0.668688	
-0.0273135	0.668708	
-0.0271186	0.668728	
-0.0269245	0.668748	
-0.0267311	0.668767	
-0.0265386	0.668786	
-0.0263468	0.668804	
-0.0261559	0.668823	
-0.0259659	0.668841	
-0.0257766	0.668859	
-0.0255883	0.668876	
-0.0254008	0.668893	
-0.0252143	0.66891	
-0.0250286	0.668927	
-0.0248439	0.668943	
-0.0246601	0.668959	
-0.0244773	0.668974	
-0.0242955	0.66899	
-0.0241146	0.669005	
-0.0239348	0.66902	
-0.0237559	0.669034	
-0.0235781	0.669048	
-0.0234013	0.669062	
-0.0232256	0.669076	
-0.0230509	0.669089	
-0.0228773	0.669102	
-0.0227048	0.669115	
-0.0225334	0.669128	
-0.0223631	0.66914	
-0.022194	0.669152	
-0.0220259	0.669164	
-0.021859	0.669176	
-0.0216933	0.669187	
-0.0215287	0.669198	
-0.0213654	0.669209	
-0.0212032	0.66922	
-0.0210422	0.66923	
-0.0208824	0.669241	
-0.0207238	0.669251	
-0.0205665	0.66926	
-0.0204104	0.66927	
-0.0202556	0.66928	
-0.020102	0.669289	
-0.0199497	0.669298	
-0.0197986	0.669307	
-0.0196489	0.669315	
-0.0195004	0.669324	
-0.0193533	0.669332	
-0.0192075	0.66934	
-0.0190629	0.669348	
-0.0189198	0.669356	
-0.0187779	0.669364	
-0.0186374	0.669371	
-0.0184983	0.669379	
-0.0183605	0.669386	
-0.018224	0.669393	
-0.018089	0.6694	
-0.0179553	0.669407	
-0.017823	0.669413	
-0.0176921	0.66942	
-0.0175626	0.669426	
-0.0174345	0.669432	
-0.0173079	0.669438	
-0.0171826	0.669444	
-0.0170588	0.66945	
-0.0169364	0.669456	
-0.0168154	0.669461	
-0.0166959	0.669467	
-0.0165778	0.669472	
-0.0164611	0.669477	
-0.0163459	0.669482	
-0.0162322	0.669487	
-0.0161199	0.669492	
-0.0160091	0.669497	
-0.0158998	0.669501	
-0.0157919	0.669506	
-0.0156855	0.66951	
-0.0155806	0.669515	
-0.0154772	0.669519	
-0.0153753	0.669523	
-0.0152748	0.669527	
-0.0151759	0.669531	
-0.0150784	0.669535	
-0.0149825	0.669539	
-0.014888	0.669543	
-0.014795	0.669546	
-0.0147036	0.66955	
-0.0146136	0.669553	
-0.0145252	0.669556	
-0.0144382	0.66956	
-0.0143528	0.669563	
-0.0142689	0.669566	
-0.0141865	0.669569	
-0.0141056	0.669572	
-0.0140262	0.669575	
-0.0139484	0.669578	
-0.013872	0.669581	
-0.0137972	0.669583	
-0.0137239	0.669586	
-0.0136521	0.669588	
-0.0135818	0.669591	
-0.013513	0.669593	
-0.0134457	0.669596	
-0.01338	0.669598	
-0.0133157	0.6696	
-0.013253	0.669602	
-0.0131918	0.669604	
-0.013132	0.669606	
-0.0130738	0.669608	
-0.0130171	0.66961	
-0.0129619	0.669612	
-0.0129082	0.669613	
-0.012856	0.669615	
-0.0128053	0.669617	
-0.0127561	0.669618	
-0.0127084	0.66962	
-0.0126622	0.669621	
-0.0126174	0.669622	
-0.0125742	0.669623	
-0.0125324	0.669625	
-0.0124921	0.669626	
-0.0124533	0.669627	
-0.0124159	0.669628	
-0.01238	0.669629	
-0.0123456	0.669629	
-0.0123126	0.66963	
-0.0122811	0.669631	
-0.0122511	0.669631	
-0.0122225	0.669632	
-0.0121953	0.669633	
-0.0121696	0.669633	
-0.0121453	0.669633	
-0.0121225	0.669633	
-0.012101	0.669634	
-0.012081	0.669634	
-0.0120624	0.669634	
-0.0120453	0.669634	
-0.0120295	0.669634	
-0.0120151	0.669633	
-0.0120021	0.669633	
-0.0119905	0.669633	
-0.0119803	0.669632	
-0.0119715	0.669632	
-0.011964	0.669631	
-0.0119579	0.66963	
-0.0119532	0.66963	
-0.0119498	0.669629	
-0.0119478	0.669628	
-0.0119471	0.669627	
-0.0119477	0.669626	
-0.0119497	0.669624	
-0.011953	0.669623	
-0.0119576	0.669622	
-0.0119635	0.66962	
-0.0119707	0.669618	
-0.0119792	0.669617	
-0.011989	0.669615	
-0.012	0.669613	
-0.0120124	0.669611	
-0.0120259	0.669609	
-0.0120408	0.669607	
-0.0120569	0.669604	
-0.0120742	0.669602	
-0.0120928	0.669599	
-0.0121126	0.669597	
-0.0121336	0.669594	
-0.0121558	0.669591	
-0.0121792	0.669588	
-0.0122038	0.669585	
-0.0122296	0.669582	
-0.0122566	0.669578	
-0.0122847	0.669575	
-0.012314	0.669571	
-0.0123444	0.669567	
-0.012376	0.669564	
-0.0124087	0.66956	
-0.0124425	0.669555	
-0.0124774	0.669551	
-0.0125135	0.669547	
-0.0125506	0.669542	
-0.0125888	0.669538	
-0.0126281	0.669533	
-0.0126685	0.669528	
-0.0127099	0.669523	
-0.0127524	0.669518	
-0.0127959	0.669512	
-0.0128404	0.669507	
-0.012886	0.669501	
-0.0129326	0.669496	
-0.0129802	0.66949	
-0.0130287	0.669484	
-0.0130783	0.669477	
-0.0131288	0.669471	
-0.0131803	0.669464	
-0.0132327	0.669458	
-0.0132861	0.669451	
-0.0133404	0.669444	
-0.0133956	0.669437	
-0.0134517	0.669429	
-0.0135088	0.669422	
-0.0135667	0.669414	
-0.0136255	0.669406	
-0.0136852	0.669398	
-0.0137458	0.66939	
-0.0138072	0.669382	
-0.0138694	0.669373	
-0.0139325	0.669365	
-0.0139963	0.669356	
-0.014061	0.669347	
-0.0141265	0.669338	
-0.0141928	0.669328	
-0.0142599	0.669319	
-0.0143277	0.669309	
-0.0143963	0.669299	
-0.0144656	0.669289	
-0.0145357	0.669279	
-0.0146064	0.669268	
-0.0146779	0.669258	
-0.0147501	0.669247	
-0.014823	0.669236	
-0.0148965	0.669225	
-0.0149708	0.669214	
-0.0150457	0.669202	
-0.0151212	0.669191	
-0.0151974	0.669179	
-0.0152742	0.669167	
-0.0153516	0.669155	
-0.0154296	0.669143	
-0.0155082	0.669131	
-0.0155874	0.669118	
-0.0156671	0.669106	
-0.0157474	0.669093	
-0.0158283	0.66908	
-0.0159097	0.669067	
-0.0159916	0.669054	
-0.0160741	0.669041	
-0.016157	0.669027	
-0.0162405	0.669014	
-0.0163244	0.669	
-0.0164088	0.668986	
-0.0164937	0.668973	
-0.016579	0.668958	
-0.0166647	0.668944	
-0.0167509	0.66893	
-0.0168375	0.668916	
-0.0169245	0.668901	
-0.0170119	0.668887	
-0.0170997	0.668872	
-0.0171879	0.668857	
-0.0172764	0.668842	
-0.0173653	0.668827	
-0.0174545	0.668812	
-0.017544	0.668797	
-0.0176339	0.668781	
-0.0177241	0.668766	
-0.0178146	0.66875	
-0.0179053	0.668735	
-0.0179964	0.668719	
-0.0180877	0.668703	
-0.0181793	0.668687	
-0.0182711	0.668671	
-0.0183632	0.668655	
-0.0184555	0.668639	
-0.018548	0.668623	
-0.0186407	0.668606	
-0.0187336	0.66859	
-0.0188266	0.668574	
-0.0189199	0.668557	
-0.0190133	0.66854	
-0.0191069	0.668524	
-0.0192006	0.668507	
-0.0192945	0.66849	
-0.0193885	0.668473	
-0.0194825	0.668456	
-0.0195767	0.668439	
-0.019671	0.668422	
-0.0197654	0.668405	
-0.0198598	0.668388	
-0.0199543	0.668371	
-0.0200489	0.668353	
-0.0201435	0.668336	
-0.0202381	0.668319	
-0.0203328	0.668301	
-0.0204275	0.668284	
-0.0205222	0.668266	
-0.0206168	0.668249	
-0.0207115	0.668231	
-0.0208062	0.668213	
-0.0209008	0.668196	
-0.0209953	0.668178	
-0.0210899	0.66816	
-0.0211843	0.668143	
-0.0212787	0.668125	
-0.021373	0.668107	
-0.0214672	0.668089	
-0.0215614	0.668071	
-0.0216554	0.668054	
-0.0217493	0.668036	
-0.0218431	0.668018	
-0.0219367	0.668	
-0.0220302	0.667982	
-0.0221236	0.667964	
-0.0222168	0.667946	
-0.0223099	0.667928	
-0.0224027	0.66791	
-0.0224954	0.667892	
-0.0225879	0.667874	
-0.0226802	0.667856	
-0.0227723	0.667838	
-0.0228641	0.66782	
-0.0229558	0.667802	
-0.0230472	0.667785	
-0.0231384	0.667767	
-0.0232293	0.667749	
-0.02332	0.667731	
-0.0234104	0.667713	
-0.0235005	0.667695	
-0.0235904	0.667677	
-0.0236799	0.667659	
-0.0237692	0.667642	
-0.0238582	0.667624	
-0.0239469	0.667606	
-0.0240352	0.667588	
-0.0241232	0.667571	
-0.0242109	0.667553	
-0.0242983	0.667535	
-0.0243853	0.667518	
-0.024472	0.6675	
-0.0245583	0.667482	
-0.0246442	0.667465	
-0.0247298	0.667448	
-0.024815	0.66743	
-0.0248998	0.667413	
-0.0249842	0.667395	
-0.0250682	0.667378	
-0.0251518	0.667361	
-0.025235	0.667344	
-0.0253178	0.667326	
-0.0254002	0.667309	
-0.0254821	0.667292	
-0.0255636	0.667275	
-0.0256447	0.667258	
-0.0257253	0.667242	
-0.0258054	0.667225	
-0.0258852	0.667208	
-0.0259644	0.667191	
-0.0260432	0.667175	
-0.0261215	0.667158	
-0.0261993	0.667142	
-0.0262766	0.667125	
-0.0263534	0.667109	
-0.0264298	0.667093	
-0.0265056	0.667076	
-0.026581	0.66706	
-0.0266558	0.667044	
-0.0267301	0.667028	
-0.0268039	0.667012	
-0.0268772	0.666996	
-0.0269499	0.666981	
-0.0270221	0.666965	
-0.0270938	0.666949	
-0.0271649	0.666934	
-0.0272355	0.666918	
-0.0273055	0.666903	
-0.027375	0.666888	
-0.0274439	0.666873	
-0.0275122	0.666857	
-0.02758	0.666842	
-0.0276472	0.666828	
-0.0277139	0.666813	
-0.0277799	0.666798	
-0.0278454	0.666783	
-0.0279103	0.666769	
-0.0279746	0.666754	
-0.0280383	0.66674	
-0.0281014	0.666726	
-0.0281639	0.666712	
-0.0282258	0.666698	
-0.0282871	0.666684	
-0.0283478	0.66667	
-0.0284078	0.666656	
-0.0284673	0.666642	
-0.0285261	0.666629	
-0.0285844	0.666616	
-0.028642	0.666602	
-0.0286989	0.666589	
-0.0287553	0.666576	
-0.028811	0.666563	
-0.0288661	0.66655	
-0.0289205	0.666537	
-0.0289743	0.666525	
-0.0290275	0.666512	
-0.02908	0.6665	
-0.0291319	0.666487	
-0.0291832	0.666475	
-0.0292338	0.666463	
-0.0292837	0.666451	
-0.029333	0.666439	
-0.0293816	0.666427	
-0.0294296	0.666416	
-0.0294769	0.666404	
-0.0295236	0.666393	
-0.0295696	0.666382	
-0.029615	0.666371	
-0.0296597	0.666359	
-0.0297037	0.666349	
-0.0297471	0.666338	
-0.0297898	0.666327	
-0.0298318	0.666317	
-0.0298732	0.666306	
-0.0299139	0.666296	
-0.029954	0.666286	
-0.0299934	0.666276	
-0.0300321	0.666266	
-0.0300701	0.666256	
-0.0301075	0.666246	
-0.0301442	0.666237	
-0.0301802	0.666227	
-0.0302156	0.666218	
-0.0302503	0.666209	
-0.0302843	0.6662	
-0.0303177	0.666191	
-0.0303504	0.666182	
-0.0303824	0.666174	
-0.0304137	0.666165	
-0.0304444	0.666157	
-0.0304744	0.666149	
-0.0305038	0.66614	
-0.0305325	0.666132	
-0.0305605	0.666125	
-0.0305878	0.666117	
-0.0306145	0.666109	
-0.0306405	0.666102	
-0.0306658	0.666094	
-0.0306905	0.666087	
-0.0307145	0.66608	
-0.0307379	0.666073	
-0.0307606	0.666066	
-0.0307826	0.66606	
-0.030804	0.666053	
-0.0308247	0.666047	
-0.0308448	0.66604	
-0.0308642	0.666034	
-0.0308829	0.666028	
-0.030901	0.666022	
-0.0309185	0.666016	
-0.0309353	0.666011	
-0.0309514	0.666005	
-0.0309669	0.666	
-0.0309818	0.665995	
-0.030996	0.66599	
-0.0310096	0.665985	
-0.0310225	0.66598	
-0.0310348	0.665975	
-0.0310465	0.66597	
-0.0310575	0.665966	
-0.0310679	0.665962	
-0.0310777	0.665957	
-0.0310869	0.665953	
-0.0310954	0.665949	
-0.0311033	0.665945	
-0.0311106	0.665942	
-0.0311172	0.665938	
-0.0311233	0.665935	
-0.0311287	0.665931	
-0.0311335	0.665928	
-0.0311377	0.665925	
-0.0311414	0.665922	
-0.0311444	0.66592	
-0.0311468	0.665917	
-0.0311486	0.665914	
-0.0311498	0.665912	
-0.0311504	0.66591	
-0.0311505	0.665907	
-0.0311499	0.665905	
-0.0311488	0.665904	
-0.0311471	0.665902	
-0.0311448	0.6659	
-0.031142	0.665899	
-0.0311386	0.665897	
-0.0311346	0.665896	
-0.03113	0.665895	
-0.0311249	0.665894	
-0.0311192	0.665893	
-0.031113	0.665892	
-0.0311062	0.665891	
-0.0310989	0.665891	
-0.0310911	0.66589	
-0.0310827	0.66589	
-0.0310737	0.66589	
-0.0310642	0.665889	
-0.0310542	0.66589	
-0.0310437	0.66589	
-0.0310327	0.66589	
-0.0310211	0.66589	
-0.031009	0.665891	
-0.0309964	0.665891	
-0.0309833	0.665892	
-0.0309697	0.665893	
-0.0309556	0.665894	
-0.030941	0.665895	
-0.030926	0.665896	
-0.0309104	0.665897	
-0.0308943	0.665899	
-0.0308778	0.6659	
-0.0308608	0.665902	
-0.0308433	0.665904	
-0.0308254	0.665905	
-0.030807	0.665907	
-0.0307881	0.665909	
-0.0307688	0.665911	
-0.030749	0.665914	
-0.0307288	0.665916	
-0.0307081	0.665918	
-0.030687	0.665921	
-0.0306655	0.665924	
-0.0306435	0.665926	
-0.0306211	0.665929	
-0.0305983	0.665932	
-0.0305751	0.665935	
-0.0305515	0.665938	
-0.0305274	0.665941	
-0.030503	0.665945	
-0.0304782	0.665948	
-0.0304529	0.665952	
-0.0304273	0.665955	
-0.0304013	0.665959	
-0.0303749	0.665963	
-0.0303481	0.665967	
-0.030321	0.665971	
-0.0302935	0.665975	
-0.0302656	0.665979	
-0.0302374	0.665983	
-0.0302088	0.665987	
-0.0301799	0.665992	
-0.0301506	0.665996	
-0.030121	0.666001	
-0.0300911	0.666006	
-0.0300608	0.66601	
-0.0300302	0.666015	
-0.0299993	0.66602	
-0.0299681	0.666025	
-0.0299365	0.66603	
-0.0299047	0.666035	
-0.0298725	0.66604	
-0.0298401	0.666046	
-0.0298073	0.666051	
-0.0297743	0.666057	
-0.029741	0.666062	
-0.0297074	0.666068	
-0.0296735	0.666073	
-0.0296394	0.666079	
-0.029605	0.666085	
-0.0295703	0.666091	
-0.0295354	0.666097	
-0.0295003	0.666103	
-0.0294648	0.666109	
-0.0294292	0.666115	
-0.0293933	0.666121	
-0.0293572	0.666127	
-0.0293209	0.666134	
-0.0292843	0.66614	
-0.0292475	0.666146	
-0.0292105	0.666153	
-0.0291733	0.666159	
-0.0291359	0.666166	
-0.0290984	0.666173	
-0.0290606	0.66618	
-0.0290226	0.666186	
-0.0289844	0.666193	
-0.0289461	0.6662	
-0.0289076	0.666207	
-0.0288689	0.666214	
-0.0288301	0.666221	
-0.0287911	0.666228	
-0.0287519	0.666235	
-0.0287126	0.666242	
-0.0286731	0.66625	
-0.0286335	0.666257	
-0.0285938	0.666264	
-0.0285539	0.666272	
-0.0285139	0.666279	
-0.0284738	0.666287	
-0.0284336	0.666294	
-0.0283932	0.666302	
-0.0283528	0.666309	
-0.0283122	0.666317	
-0.0282716	0.666324	
-0.0282308	0.666332	
-0.02819	0.66634	
-0.0281491	0.666348	
-0.028108	0.666355	
-0.028067	0.666363	
-0.0280258	0.666371	
-0.0279846	0.666379	
-0.0279433	0.666387	
-0.0279019	0.666395	
-0.0278605	0.666403	
-0.0278191	0.666411	
-0.0277776	0.666419	
-0.027736	0.666427	
-0.0276944	0.666435	
-0.0276528	0.666443	
-0.0276112	0.666451	
-0.0275695	0.666459	
-0.0275278	0.666467	
-0.0274861	0.666476	
-0.0274444	0.666484	
-0.0274027	0.666492	
-0.027361	0.6665	
-0.0273193	0.666509	
-0.0272776	0.666517	
-0.0272359	0.666525	
-0.0271942	0.666533	
-0.0271525	0.666542	
-0.0271109	0.66655	
-0.0270692	0.666558	
-0.0270276	0.666567	
-0.0269861	0.666575	
-0.0269446	0.666583	
-0.0269031	0.666592	
-0.0268617	0.6666	
-0.0268203	0.666609	
-0.0267789	0.666617	
-0.0267377	0.666625	
-0.0266965	0.666634	
-0.0266553	0.666642	
-0.0266142	0.66665	
-0.0265732	0.666659	
-0.0265323	0.666667	
-0.0264915	0.666676	
-0.0264507	0.666684	
-0.02641	0.666692	
-0.0263695	0.666701	
-0.026329	0.666709	
-0.0262886	0.666718	
-0.0262483	0.666726	
-0.0262081	0.666734	
-0.026168	0.666743	
-0.0261281	0.666751	
-0.0260882	0.666759	
-0.0260485	0.666768	
-0.0260089	0.666776	
-0.0259694	0.666784	
-0.0259301	0.666793	
-0.0258909	0.666801	
-0.0258518	0.666809	
-0.0258129	0.666818	
-0.0257741	0.666826	
-0.0257354	0.666834	
-0.0256969	0.666842	
-0.0256586	0.666851	
-0.0256204	0.666859	
-0.0255824	0.666867	
-0.0255445	0.666875	
-0.0255068	0.666883	
-0.0254693	0.666891	
-0.0254319	0.666899	
-0.0253947	0.666907	
-0.0253577	0.666916	
-0.0253208	0.666924	
-0.0252842	0.666932	
-0.0252477	0.66694	
-0.0252114	0.666947	
-0.0251753	0.666955	
-0.0251394	0.666963	
-0.0251037	0.666971	
-0.0250682	0.666979	
-0.0250329	0.666987	
-0.0249978	0.666995	
-0.0249629	0.667002	
-0.0249282	0.66701	
-0.0248937	0.667018	
-0.0248594	0.667026	
-0.0248253	0.667033	
-0.0247915	0.667041	
-0.0247579	0.667048	
-0.0247245	0.667056	
-0.0246913	0.667063	
-0.0246584	0.667071	
-0.0246257	0.667078	
-0.0245932	0.667086	
-0.0245609	0.667093	
-0.0245289	0.667101	
-0.0244971	0.667108	
-0.0244656	0.667115	
-0.0244343	0.667122	
-0.0244032	0.66713	
-0.0243724	0.667137	
-0.0243418	0.667144	
-0.0243115	0.667151	
-0.0242815	0.667158	
-0.0242516	0.667165	
-0.0242221	0.667172	
-0.0241928	0.667179	
-0.0241637	0.667186	
-0.0241349	0.667193	
-0.0241064	0.667199	
-0.0240781	0.667206	
-0.0240501	0.667213	
-0.0240224	0.667219	
-0.0239949	0.667226	
-0.0239677	0.667233	
-0.0239408	0.667239	
-0.0239141	0.667246	
-0.0238878	0.667252	
-0.0238616	0.667258	
-0.0238358	0.667265	
-0.0238102	0.667271	
-0.0237849	0.667277	
-0.0237599	0.667283	
-0.0237352	0.66729	
-0.0237108	0.667296	
-0.0236866	0.667302	
-0.0236627	0.667308	
-0.0236391	0.667314	
-0.0236158	0.66732	
-0.0235928	0.667325	
-0.02357	0.667331	
-0.0235475	0.667337	
-0.0235254	0.667343	
-0.0235035	0.667348	
-0.0234819	0.667354	
-0.0234606	0.667359	
-0.0234396	0.667365	
-0.0234189	0.66737	
-0.0233985	0.667376	
-0.0233783	0.667381	
-0.0233585	0.667386	
-0.0233389	0.667392	
-0.0233197	0.667397	
-0.0233007	0.667402	
-0.0232821	0.667407	
-0.0232637	0.667412	
-0.0232456	0.667417	
-0.0232279	0.667422	
-0.0232104	0.667427	
-0.0231932	0.667431	
-0.0231763	0.667436	
-0.0231597	0.667441	
-0.0231435	0.667445	
-0.0231275	0.66745	
-0.0231118	0.667455	
-0.0230964	0.667459	
-0.0230813	0.667463	
-0.0230665	0.667468	
-0.023052	0.667472	
-0.0230378	0.667476	
-0.0230239	0.66748	
-0.0230103	0.667485	
-0.022997	0.667489	
-0.022984	0.667493	
-0.0229713	0.667497	
-0.0229588	0.6675	
-0.0229467	0.667504	
-0.0229349	0.667508	
-0.0229234	0.667512	
-0.0229121	0.667515	
-0.0229012	0.667519	
-0.0228906	0.667523	
-0.0228802	0.667526	
-0.0228702	0.667529	
-0.0228604	0.667533	
-0.022851	0.667536	
-0.0228418	0.667539	
-0.0228329	0.667543	
-0.0228243	0.667546	
-0.0228161	0.667549	
-0.0228081	0.667552	
-0.0228003	0.667555	
-0.0227929	0.667558	
-0.0227858	0.667561	
-0.022779	0.667563	
-0.0227724	0.667566	
-0.0227661	0.667569	
-0.0227601	0.667571	
-0.0227545	0.667574	
-0.022749	0.667576	
-0.0227439	0.667579	
-0.0227391	0.667581	
-0.0227345	0.667584	
-0.0227302	0.667586	
-0.0227262	0.667588	
-0.0227225	0.66759	
-0.022719	0.667592	
-0.0227158	0.667594	
-0.022713	0.667596	
-0.0227103	0.667598	
-0.022708	0.6676	
-0.0227059	0.667602	
-0.0227041	0.667604	
-0.0227026	0.667605	
-0.0227013	0.667607	
-0.0227003	0.667608	
-0.0226995	0.66761	
-0.0226991	0.667611	
-0.0226989	0.667613	
-0.0226989	0.667614	
-0.0226992	0.667615	
-0.0226998	0.667617	
-0.0227006	0.667618	
-0.0227017	0.667619	
-0.0227031	0.66762	
-0.0227047	0.667621	
-0.0227065	0.667622	
-0.0227086	0.667623	
-0.022711	0.667624	
-0.0227136	0.667625	
-0.0227164	0.667625	
-0.0227195	0.667626	
-0.0227229	0.667627	
-0.0227265	0.667627	
-0.0227303	0.667628	
-0.0227343	0.667628	
-0.0227386	0.667629	
-0.0227432	0.667629	
-0.0227479	0.667629	
-0.0227529	0.66763	
-0.0227582	0.66763	
-0.0227636	0.66763	
-0.0227693	0.66763	
-0.0227752	0.66763	
-0.0227814	0.66763	
-0.0227877	0.66763	
-0.0227943	0.66763	
-0.0228011	0.66763	
-0.0228081	0.667629	
-0.0228153	0.667629	
-0.0228228	0.667629	
-0.0228304	0.667629	
-0.0228383	0.667628	
-0.0228464	0.667628	
-0.0228547	0.667627	
-0.0228631	0.667627	
-0.0228718	0.667626	
-0.0228807	0.667625	
-0.0228898	0.667625	
-0.0228991	0.667624	
-0.0229085	0.667623	
-0.0229182	0.667622	
-0.0229281	0.667621	
-0.0229381	0.66762	
-0.0229484	0.667619	
-0.0229588	0.667618	
-0.0229694	0.667617	
-0.0229802	0.667616	
-0.0229911	0.667615	
-0.0230023	0.667614	
-0.0230136	0.667613	
-0.0230251	0.667611	
-0.0230367	0.66761	
-0.0230486	0.667609	
-0.0230606	0.667607	
-0.0230727	0.667606	
-0.023085	0.667604	
-0.0230975	0.667603	
-0.0231102	0.667601	
-0.023123	0.667599	
-0.0231359	0.667598	
-0.023149	0.667596	
-0.0231623	0.667594	
-0.0231757	0.667592	
-0.0231892	0.667591	
-0.0232029	0.667589	
-0.0232168	0.667587	
-0.0232307	0.667585	
-0.0232449	0.667583	
-0.0232591	0.667581	
-0.0232735	0.667579	
-0.023288	0.667577	
-0.0233027	0.667574	
-0.0233174	0.667572	
-0.0233323	0.66757	
-0.0233474	0.667568	
-0.0233625	0.667566	
-0.0233778	0.667563	
-0.0233931	0.667561	
-0.0234086	0.667558	
-0.0234242	0.667556	
-0.02344	0.667554	
-0.0234558	0.667551	
-0.0234717	0.667549	
-0.0234877	0.667546	
-0.0235039	0.667543	
-0.0235201	0.667541	
-0.0235364	0.667538	
-0.0235529	0.667536	
-0.0235694	0.667533	
-0.023586	0.66753	
-0.0236027	0.667527	
-0.0236195	0.667525	
-0.0236364	0.667522	
-0.0236533	0.667519	
-0.0236704	0.667516	
-0.0236875	0.667513	
-0.0237047	0.66751	
-0.0237219	0.667507	
-0.0237393	0.667504	
-0.0237567	0.667501	
-0.0237742	0.667498	
-0.0237917	0.667495	
-0.0238093	0.667492	
-0.023827	0.667489	
-0.0238447	0.667486	
-0.0238625	0.667483	
-0.0238803	0.66748	
-0.0238982	0.667476	
-0.0239162	0.667473	
-0.0239342	0.66747	
-0.0239522	0.667467	
-0.0239703	0.667463	
-0.0239884	0.66746	
-0.0240066	0.667457	
-0.0240248	0.667453	
-0.024043	0.66745	
-0.0240613	0.667447	
-0.0240796	0.667443	
-0.024098	0.66744	
-0.0241164	0.667436	
-0.0241348	0.667433	
-0.0241532	0.66743	
-0.0241716	0.667426	
-0.0241901	0.667423	
-0.0242086	0.667419	
-0.0242271	0.667416	
-0.0242456	0.667412	
-0.0242642	0.667408	
-0.0242827	0.667405	
-0.0243013	0.667401	
-0.0243198	0.667398	
-0.0243384	0.667394	
-0.024357	0.667391	
-0.0243756	0.667387	
-0.0243941	0.667383	
-0.0244127	0.66738	
-0.0244313	0.667376	
-0.0244499	0.667372	
-0.0244684	0.667369	
-0.024487	0.667365	
-0.0245055	0.667361	
-0.024524	0.667358	
-0.0245425	0.667354	
-0.024561	0.66735	
-0.0245795	0.667346	
-0.024598	0.667343	
-0.0246164	0.667339	
-0.0246348	0.667335	
-0.0246532	0.667331	
-0.0246716	0.667328	
-0.0246899	0.667324	
-0.0247082	0.66732	
-0.0247265	0.667316	
-0.0247447	0.667313	
-0.0247629	0.667309	
-0.0247811	0.667305	
-0.0247992	0.667301	
-0.0248173	0.667297	
-0.0248353	0.667294	
-0.0248533	0.66729	
-0.0248713	0.667286	
-0.0248892	0.667282	
-0.0249071	0.667279	
-0.0249249	0.667275	
-0.0249426	0.667271	
-0.0249603	0.667267	
-0.024978	0.667263	
-0.0249956	0.66726	
-0.0250131	0.667256	
-0.0250306	0.667252	
-0.025048	0.667248	
-0.0250654	0.667244	
-0.0250827	0.667241	
-0.0250999	0.667237	
-0.0251171	0.667233	
-0.0251342	0.667229	
-0.0251512	0.667226	
-0.0251682	0.667222	
-0.0251851	0.667218	
-0.0252019	0.667214	
-0.0252187	0.667211	
-0.0252353	0.667207	
-0.0252519	0.667203	
-0.0252684	0.6672	
-0.0252849	0.667196	
-0.0253012	0.667192	
-0.0253175	0.667188	
-0.0253337	0.667185	
-0.0253498	0.667181	
-0.0253658	0.667177	
-0.0253818	0.667174	
-0.0253976	0.66717	
-0.0254134	0.667167	
-0.0254291	0.667163	
-0.0254447	0.667159	
-0.0254601	0.667156	
-0.0254755	0.667152	
-0.0254908	0.667149	
-0.0255061	0.667145	
-0.0255212	0.667141	
-0.0255362	0.667138	
-0.0255511	0.667134	
-0.0255659	0.667131	
-0.0255806	0.667127	
-0.0255953	0.667124	
-0.0256098	0.66712	
-0.0256242	0.667117	
-0.0256385	0.667114	
-0.0256527	0.66711	
-0.0256668	0.667107	
-0.0256808	0.667103	
-0.0256947	0.6671	
-0.0257084	0.667097	
-0.0257221	0.667093	
-0.0257357	0.66709	
-0.0257491	0.667087	
-0.0257624	0.667083	
-0.0257757	0.66708	
-0.0257888	0.667077	
-0.0258018	0.667073	
-0.0258146	0.66707	
-0.0258274	0.667067	
-0.02584	0.667064	
-0.0258526	0.667061	
-0.025865	0.667057	
-0.0258773	0.667054	
-0.0258895	0.667051	
-0.0259015	0.667048	
-0.0259135	0.667045	
-0.0259253	0.667042	
-0.025937	0.667039	
-0.0259485	0.667036	
-0.02596	0.667033	
-0.0259713	0.66703	
-0.0259825	0.667027	
-0.0259936	0.667024	
-0.0260046	0.667021	
-0.0260154	0.667018	
-0.0260261	0.667015	
-0.0260367	0.667012	
-0.0260472	0.66701	
-0.0260575	0.667007	
-0.0260677	0.667004	
-0.0260778	0.667001	
-0.0260877	0.666998	
-0.0260976	0.666996	
-0.0261072	0.666993	
-0.0261168	0.66699	
-0.0261262	0.666988	
-0.0261356	0.666985	
-0.0261447	0.666982	
-0.0261538	0.66698	
-0.0261627	0.666977	
-0.0261715	0.666975	
-0.0261801	0.666972	
-0.0261887	0.66697	
-0.0261971	0.666967	
-0.0262053	0.666965	
-0.0262135	0.666962	
-0.0262215	0.66696	
-0.0262293	0.666958	
-0.0262371	0.666955	
-0.0262447	0.666953	
-0.0262522	0.666951	
-0.0262595	0.666948	
-0.0262667	0.666946	
-0.0262738	0.666944	
-0.0262807	0.666942	
-0.0262876	0.66694	
-0.0262942	0.666937	
-0.0263008	0.666935	
-0.0263072	0.666933	
-0.0263135	0.666931	
-0.0263197	0.666929	
-0.0263257	0.666927	
-0.0263316	0.666925	
-0.0263373	0.666923	
-0.026343	0.666921	
-0.0263485	0.666919	
-0.0263538	0.666917	
-0.026359	0.666916	
-0.0263641	0.666914	
-0.0263691	0.666912	
-0.026374	0.66691	
-0.0263787	0.666908	
-0.0263832	0.666907	
-0.0263877	0.666905	
-0.026392	0.666903	
-0.0263962	0.666902	
-0.0264002	0.6669	
-0.0264042	0.666898	
-0.026408	0.666897	
-0.0264116	0.666895	
-0.0264152	0.666894	
-0.0264186	0.666892	
-0.0264219	0.666891	
-0.026425	0.666889	
-0.0264281	0.666888	
-0.026431	0.666887	
-0.0264337	0.666885	
-0.0264364	0.666884	
-0.0264389	0.666883	
-0.0264413	0.666881	
-0.0264436	0.66688	
-0.0264457	0.666879	
-0.0264477	0.666878	
-0.0264496	0.666877	
-0.0264514	0.666875	
-0.026453	0.666874	
-0.0264546	0.666873	
-0.026456	0.666872	
-0.0264572	0.666871	
-0.0264584	0.66687	
-0.0264594	0.666869	
-0.0264604	0.666868	
-0.0264612	0.666867	
-0.0264618	0.666866	
-0.0264624	0.666865	
-0.0264628	0.666865	
-0.0264632	0.666864	
-0.0264634	0.666863	
-0.0264635	0.666862	
-0.0264634	0.666862	
-0.0264633	0.666861	
-0.026463	0.66686	
-0.0264627	0.666859	
-0.0264622	0.666859	
-0.0264616	0.666858	
-0.0264609	0.666858	
-0.0264601	0.666857	
-0.0264591	0.666857	
-0.0264581	0.666856	
-0.0264569	0.666856	
-0.0264557	0.666855	
-0.0264543	0.666855	
-0.0264528	0.666854	
-0.0264512	0.666854	
-0.0264495	0.666854	
-0.0264477	0.666853	
-0.0264458	0.666853	
-0.0264438	0.666853	
-0.0264417	0.666852	
-0.0264395	0.666852	
-0.0264372	0.666852	
-0.0264348	0.666852	
-0.0264323	0.666852	
-0.0264296	0.666851	
-0.0264269	0.666851	
-0.0264241	0.666851	
-0.0264212	0.666851	
-0.0264182	0.666851	
-0.0264151	0.666851	
-0.0264119	0.666851	
-0.0264086	0.666851	
-0.0264052	0.666851	
-0.0264017	0.666851	
-0.0263981	0.666852	
-0.0263945	0.666852	
-0.0263907	0.666852	
-0.0263869	0.666852	
-0.0263829	0.666852	
-0.0263789	0.666852	
-0.0263748	0.666853	
-0.0263706	0.666853	
-0.0263663	0.666853	
-0.026362	0.666854	
-0.0263575	0.666854	
-0.026353	0.666854	
-0.0263484	0.666855	
-0.0263437	0.666855	
-0.0263389	0.666856	
-0.026334	0.666856	
-0.0263291	0.666856	
-0.0263241	0.666857	
-0.026319	0.666857	
-0.0263139	0.666858	
-0.0263086	0.666859	
-0.0263033	0.666859	
-0.0262979	0.66686	
-0.0262925	0.66686	
-0.0262869	0.666861	
-0.0262813	0.666862	
-0.0262757	0.666862	
-0.0262699	0.666863	
-0.0262641	0.666864	
-0.0262583	0.666864	
-0.0262523	0.666865	
-0.0262463	0.666866	
-0.0262403	0.666867	
-0.0262341	0.666867	
-0.026228	0.666868	
-0.0262217	0.666869	
-0.0262154	0.66687	
-0.026209	0.666871	
-0.0262026	0.666872	
-0.0261961	0.666873	
-0.0261896	0.666874	
-0.026183	0.666875	
-0.0261763	0.666876	
-0.0261696	0.666877	
-0.0261628	0.666878	
-0.026156	0.666879	
-0.0261492	0.66688	
-0.0261423	0.666881	
-0.0261353	0.666882	
-0.0261283	0.666883	
-0.0261212	0.666884	
-0.0261141	0.666885	
-0.026107	0.666886	
-0.0260998	0.666887	
-0.0260926	0.666888	
-0.0260853	0.66689	
-0.026078	0.666891	
-0.0260706	0.666892	
-0.0260632	0.666893	
-0.0260558	0.666894	
-0.0260483	0.666896	
-0.0260408	0.666897	
-0.0260333	0.666898	
-0.0260257	0.666899	
-0.0260181	0.666901	
-0.0260104	0.666902	
-0.0260027	0.666903	
-0.025995	0.666905	
-0.0259873	0.666906	
-0.0259795	0.666907	
-0.0259717	0.666909	
-0.0259639	0.66691	
-0.025956	0.666912	
-0.0259482	0.666913	
-0.0259402	0.666914	
-0.0259323	0.666916	
-0.0259244	0.666917	
-0.0259164	0.666919	
-0.0259084	0.66692	
-0.0259004	0.666922	
-0.0258924	0.666923	
-0.0258843	0.666925	
-0.0258762	0.666926	
-0.0258682	0.666928	
-0.0258601	0.666929	
-0.0258519	0.666931	
-0.0258438	0.666932	
-0.0258357	0.666934	
-0.0258275	0.666935	
-0.0258194	0.666937	
-0.0258112	0.666938	
-0.025803	0.66694	
-0.0257948	0.666941	
-0.0257866	0.666943	
-0.0257784	0.666945	
-0.0257702	0.666946	
-0.025762	0.666948	
-0.0257537	0.666949	
-0.0257455	0.666951	
-0.0257373	0.666953	
-0.025729	0.666954	
-0.0257208	0.666956	
-0.0257126	0.666958	
-0.0257043	0.666959	
-0.0256961	0.666961	
-0.0256879	0.666963	
-0.0256797	0.666964	
-0.0256714	0.666966	
-0.0256632	0.666968	
-0.025655	0.666969	
-0.0256468	0.666971	
-0.0256386	0.666973	
-0.0256304	0.666974	
-0.0256222	0.666976	
-0.0256141	0.666978	
-0.0256059	0.66698	
-0.0255977	0.666981	
-0.0255896	0.666983	
-0.0255815	0.666985	
-0.0255734	0.666986	
-0.0255653	0.666988	
-0.0255572	0.66699	
-0.0255491	0.666992	
-0.0255411	0.666993	
-0.025533	0.666995	
-0.025525	0.666997	
-0.025517	0.666998	
-0.025509	0.667	
-0.0255011	0.667002	
-0.0254931	0.667004	
-0.0254852	0.667005	
-0.0254773	0.667007	
-0.0254694	0.667009	
-0.0254616	0.667011	
-0.0254538	0.667012	
-0.025446	0.667014	
-0.0254382	0.667016	
-0.0254304	0.667018	
-0.0254227	0.667019	
-0.025415	0.667021	
-0.0254073	0.667023	
-0.0253997	0.667025	
-0.0253921	0.667026	
-0.0253845	0.667028	
-0.0253769	0.66703	
-0.0253694	0.667031	
-0.0253619	0.667033	
-0.0253545	0.667035	
-0.025347	0.667037	
-0.0253396	0.667038	
-0.0253323	0.66704	
-0.025325	0.667042	
-0.0253177	0.667043	
-0.0253104	0.667045	
-0.0253032	0.667047	
-0.025296	0.667049	
-0.0252889	0.66705	
-0.0252818	0.667052	
-0.0252747	0.667054	
-0.0252677	0.667055	
-0.0252607	0.667057	
-0.0252537	0.667059	
-0.0252468	0.66706	
-0.0252399	0.667062	
-0.0252331	0.667064	
-0.0252263	0.667065	
-0.0252196	0.667067	
-0.0252129	0.667069	
-0.0252062	0.66707	
-0.0251996	0.667072	
-0.025193	0.667074	
-0.0251865	0.667075	
-0.02518	0.667077	
-0.0251736	0.667078	
-0.0251672	0.66708	
-0.0251608	0.667082	
-0.0251546	0.667083	
-0.0251483	0.667085	
-0.0251421	0.667086	
-0.0251359	0.667088	
-0.0251298	0.66709	
-0.0251238	0.667091	
-0.0251178	0.667093	
-0.0251118	0.667094	
-0.0251059	0.667096	
-0.0251	0.667097	
-0.0250942	0.667099	
-0.0250884	0.6671	
-0.0250827	0.667102	
-0.0250771	0.667103	
-0.0250715	0.667105	
-0.0250659	0.667106	
-0.0250604	0.667108	
-0.0250549	0.667109	
-0.0250495	0.667111	
-0.0250442	0.667112	
-0.0250389	0.667114	
-0.0250336	0.667115	
-0.0250285	0.667117	
-0.0250233	0.667118	
-0.0250182	0.667119	
-0.0250132	0.667121	
-0.0250083	0.667122	
-0.0250033	0.667124	
-0.0249985	0.667125	
-0.0249937	0.667126	
-0.0249889	0.667128	
-0.0249842	0.667129	
-0.0249796	0.66713	
-0.024975	0.667132	
-0.0249705	0.667133	
-0.024966	0.667134	
-0.0249616	0.667136	
-0.0249572	0.667137	
-0.0249529	0.667138	
-0.0249487	0.66714	
-0.0249445	0.667141	
-0.0249404	0.667142	
-0.0249363	0.667143	
-0.0249323	0.667145	
-0.0249284	0.667146	
-0.0249245	0.667147	
-0.0249206	0.667148	
-0.0249168	0.667149	
-0.0249131	0.667151	
-0.0249095	0.667152	
-0.0249059	0.667153	
-0.0249023	0.667154	
-0.0248988	0.667155	
-0.0248954	0.667156	
-0.024892	0.667157	
-0.0248887	0.667159	
-0.0248854	0.66716	
-0.0248822	0.667161	
-0.0248791	0.667162	
-0.024876	0.667163	
-0.024873	0.667164	
-0.02487	0.667165	
-0.0248671	0.667166	
-0.0248643	0.667167	
-0.0248615	0.667168	
-0.0248588	0.667169	
-0.0248561	0.66717	
-0.0248535	0.667171	
-0.024851	0.667172	
-0.0248485	0.667173	
-0.024846	0.667174	
-0.0248437	0.667175	
-0.0248413	0.667176	
-0.0248391	0.667176	
-0.0248369	0.667177	
-0.0248347	0.667178	
-0.0248327	0.667179	
-0.0248306	0.66718	
-0.0248287	0.667181	
-0.0248268	0.667182	
-0.0248249	0.667182	
-0.0248231	0.667183	
-0.0248214	0.667184	
-0.0248197	0.667185	
-0.0248181	0.667185	
-0.0248165	0.667186	
-0.024815	0.667187	
-0.0248135	0.667188	
-0.0248121	0.667188	
-0.0248108	0.667189	
-0.0248095	0.66719	
-0.0248083	0.66719	
-0.0248071	0.667191	
-0.024806	0.667192	
-0.024805	0.667192	
-0.024804	0.667193	
-0.024803	0.667194	
-0.0248021	0.667194	
-0.0248013	0.667195	
-0.0248005	0.667195	
-0.0247998	0.667196	
-0.0247991	0.667197	
-0.0247985	0.667197	
-0.0247979	0.667198	
-0.0247974	0.667198	
-0.024797	0.667199	
-0.0247966	0.667199	
-0.0247962	0.6672	
-0.0247959	0.6672	
-0.0247957	0.667201	
-0.0247955	0.667201	
-0.0247954	0.667201	
-0.0247953	0.667202	
-0.0247953	0.667202	
-0.0247953	0.667203	
-0.0247953	0.667203	
-0.0247955	0.667203	
-0.0247956	0.667204	
-0.0247959	0.667204	
-0.0247961	0.667204	
-0.0247965	0.667205	
-0.0247968	0.667205	
-0.0247972	0.667205	
-0.0247977	0.667206	
-0.0247982	0.667206	
-0.0247988	0.667206	
-0.0247994	0.667206	
-0.0248001	0.667207	
-0.0248008	0.667207	
-0.0248016	0.667207	
-0.0248024	0.667207	
-0.0248032	0.667208	
-0.0248041	0.667208	
-0.0248051	0.667208	
-0.024806	0.667208	
-0.0248071	0.667208	
-0.0248082	0.667208	
-0.0248093	0.667208	
-0.0248105	0.667209	
-0.0248117	0.667209	
-0.0248129	0.667209	
-0.0248142	0.667209	
-0.0248156	0.667209	
-0.024817	0.667209	
-0.0248184	0.667209	
-0.0248199	0.667209	
-0.0248214	0.667209	
-0.0248229	0.667209	
-0.0248245	0.667209	
-0.0248261	0.667209	
-0.0248278	0.667209	
-0.0248295	0.667209	
-0.0248313	0.667209	
-0.0248331	0.667209	
-0.0248349	0.667209	
-0.0248368	0.667209	
-0.0248387	0.667209	
-0.0248406	0.667209	
-0.0248426	0.667209	
-0.0248446	0.667208	
-0.0248467	0.667208	
-0.0248488	0.667208	
-0.0248509	0.667208	
-0.0248531	0.667208	
-0.0248553	0.667208	
-0.0248575	0.667208	
-0.0248598	0.667207	
-0.0248621	0.667207	
-0.0248644	0.667207	
-0.0248668	0.667207	
-0.0248692	0.667207	
-0.0248716	0.667206	
-0.0248741	0.667206	
-0.0248765	0.667206	
-0.0248791	0.667206	
-0.0248816	0.667205	
-0.0248842	0.667205	
-0.0248868	0.667205	
-0.0248895	0.667204	
-0.0248921	0.667204	
-0.0248948	0.667204	
-0.0248976	0.667203	
-0.0249003	0.667203	
-0.0249031	0.667203	
-0.0249059	0.667202	
-0.0249087	0.667202	
-0.0249116	0.667202	
-0.0249145	0.667201	
-0.0249174	0.667201	
-0.0249203	0.667201	
-0.0249233	0.6672	
-0.0249263	0.6672	
-0.0249293	0.667199	
-0.0249323	0.667199	
-0.0249354	0.667199	
-0.0249384	0.667198	
-0.0249415	0.667198	
-0.0249446	0.667197	
-0.0249478	0.667197	
-0.0249509	0.667196	
-0.0249541	0.667196	
-0.0249573	0.667195	
-0.0249605	0.667195	
-0.0249638	0.667194	
-0.024967	0.667194	
-0.0249703	0.667193	
-0.0249736	0.667193	
-0.0249769	0.667192	
-0.0249802	0.667192	
-0.0249836	0.667191	
-0.0249869	0.667191	
-0.0249903	0.66719	
-0.0249937	0.66719	
-0.0249971	0.667189	
-0.0250005	0.667188	
-0.0250039	0.667188	
-0.0250073	0.667187	
-0.0250108	0.667187	
-0.0250143	0.667186	
-0.0250177	0.667185	
-0.0250212	0.667185	
-0.0250247	0.667184	
-0.0250283	0.667184	
-0.0250318	0.667183	
-0.0250353	0.667182	
-0.0250389	0.667182	
-0.0250424	0.667181	
-0.025046	0.66718	
-0.0250495	0.66718	
-0.0250531	0.667179	
-0.0250567	0.667178	
-0.0250603	0.667178	
-0.0250639	0.667177	
-0.0250675	0.667176	
-0.0250711	0.667176	
-0.0250747	0.667175	
-0.0250783	0.667174	
-0.025082	0.667174	
-0.0250856	0.667173	
-0.0250892	0.667172	
-0.0250929	0.667172	
-0.0250965	0.667171	
-0.0251002	0.66717	
-0.0251038	0.667169	
-0.0251075	0.667169	
-0.0251111	0.667168	
-0.0251148	0.667167	
-0.0251184	0.667167	
-0.0251221	0.667166	
-0.0251258	0.667165	
-0.0251294	0.667164	
-0.0251331	0.667164	
-0.0251367	0.667163	
-0.0251404	0.667162	
-0.025144	0.667161	
-0.0251477	0.667161	
-0.0251513	0.66716	
-0.025155	0.667159	
-0.0251586	0.667158	
-0.0251623	0.667158	
-0.0251659	0.667157	
-0.0251695	0.667156	
-0.0251732	0.667155	
-0.0251768	0.667155	
-0.0251804	0.667154	
-0.025184	0.667153	
-0.0251876	0.667152	
-0.0251912	0.667151	
-0.0251948	0.667151	
-0.0251984	0.66715	
-0.025202	0.667149	
-0.0252056	0.667148	
-0.0252091	0.667148	
-0.0252127	0.667147	
-0.0252163	0.667146	
-0.0252198	0.667145	
-0.0252233	0.667144	
-0.0252269	0.667144	
-0.0252304	0.667143	
-0.0252339	0.667142	
-0.0252374	0.667141	
-0.0252409	0.66714	
-0.0252443	0.66714	
-0.0252478	0.667139	
-0.0252513	0.667138	
-0.0252547	0.667137	
-0.0252581	0.667137	
-0.0252615	0.667136	
-0.0252649	0.667135	
-0.0252683	0.667134	
-0.0252717	0.667133	
-0.0252751	0.667133	
-0.0252784	0.667132	
-0.0252818	0.667131	
-0.0252851	0.66713	
-0.0252884	0.667129	
-0.0252917	0.667129	
-0.025295	0.667128	
-0.0252983	0.667127	
-0.0253015	0.667126	
-0.0253047	0.667125	
-0.025308	0.667125	
-0.0253112	0.667124	
-0.0253143	0.667123	
-0.0253175	0.667122	
-0.0253207	0.667122	
-0.0253238	0.667121	
-0.0253269	0.66712	
-0.02533	0.667119	
-0.0253331	0.667118	
-0.0253362	0.667118	
-0.0253392	0.667117	
-0.0253423	0.667116	
-0.0253453	0.667115	
-0.0253483	0.667115	
-0.0253512	0.667114	
-0.0253542	0.667113	
-0.0253571	0.667112	
-0.02536	0.667112	
-0.0253629	0.667111	
-0.0253658	0.66711	
-0.0253687	0.667109	
-0.0253715	0.667109	
-0.0253743	0.667108	
-0.0253771	0.667107	
-0.0253799	0.667106	
-0.0253826	0.667106	
-0.0253854	0.667105	
-0.0253881	0.667104	
-0.0253908	0.667103	
-0.0253934	0.667103	
-0.0253961	0.667102	
-0.0253987	0.667101	
-0.0254013	0.667101	
-0.0254039	0.6671	
-0.0254064	0.667099	
-0.025409	0.667098	
-0.0254115	0.667098	
-0.025414	0.667097	
-0.0254164	0.667096	
-0.0254189	0.667096	
-0.0254213	0.667095	
-0.0254237	0.667094	
-0.0254261	0.667094	
-0.0254284	0.667093	
-0.0254307	0.667092	
-0.025433	0.667092	
-0.0254353	0.667091	
-0.0254376	0.66709	
-0.0254398	0.66709	
-0.025442	0.667089	
-0.0254442	0.667088	
-0.0254463	0.667088	
-0.0254485	0.667087	
-0.0254506	0.667086	
-0.0254526	0.667086	
-0.0254547	0.667085	
-0.0254567	0.667084	
-0.0254587	0.667084	
-0.0254607	0.667083	
-0.0254627	0.667083	
-0.0254646	0.667082	
-0.0254665	0.667081	
-0.0254684	0.667081	
-0.0254702	0.66708	
-0.0254721	0.66708	
-0.0254739	0.667079	
-0.0254757	0.667078	
-0.0254774	0.667078	
-0.0254791	0.667077	
-0.0254808	0.667077	
-0.0254825	0.667076	
-0.0254842	0.667075	
-0.0254858	0.667075	
-0.0254874	0.667074	
-0.0254889	0.667074	
-0.0254905	0.667073	
-0.025492	0.667073	
-0.0254935	0.667072	
-0.025495	0.667072	
-0.0254964	0.667071	
-0.0254978	0.667071	
-0.0254992	0.66707	
-0.0255006	0.66707	
-0.0255019	0.667069	
-0.0255032	0.667069	
-0.0255045	0.667068	
-0.0255058	0.667068	
-0.025507	0.667067	
-0.0255082	0.667067	
-0.0255094	0.667066	
-0.0255106	0.667066	
-0.0255117	0.667065	
-0.0255128	0.667065	
-0.0255139	0.667064	
-0.0255149	0.667064	
-0.0255159	0.667064	
-0.0255169	0.667063	
-0.0255179	0.667063	
-0.0255189	0.667062	
-0.0255198	0.667062	
-0.0255207	0.667061	
-0.0255216	0.667061	
-0.0255224	0.667061	
-0.0255232	0.66706	
-0.025524	0.66706	
-0.0255248	0.667059	
-0.0255255	0.667059	
-0.0255262	0.667059	
-0.0255269	0.667058	
-0.0255276	0.667058	
-0.0255282	0.667058	
-0.0255289	0.667057	
-0.0255295	0.667057	
-0.02553	0.667057	
-0.0255306	0.667056	
-0.0255311	0.667056	
-0.0255316	0.667056	
-0.025532	0.667055	
-0.0255325	0.667055	
-0.0255329	0.667055	
-0.0255333	0.667054	
-0.0255337	0.667054	
